@nodes
label	capacity	residual	
0	0	0	
1	0	0	
2	0	0	
3	0	0	
4	0	0	
5	0	0	
6	0	0	
7	0	0	
8	0	0	
9	0	0	
10	0	0	
11	0	0	
12	0	0	
13	0	0	
14	0	0	
15	0	0	
16	0	0	
17	0	0	
18	0	0	
19	0	0	
20	0	0	
21	0	0	
22	0	0	
23	0	0	
24	0	0	
25	0	0	
26	0	0	
27	0	0	
28	0	0	
29	0	0	
30	0	0	
31	0	0	
32	0	0	
33	0	0	
34	0	0	
35	0	0	
36	0	0	
37	0	0	
38	0	0	
39	0	0	
40	0	0	
41	0	0	
42	0	0	
43	0	0	
44	0	0	
45	0	0	
46	0	0	
47	0	0	
48	0	0	
49	0	0	
50	0	0	
51	0	0	
52	0	0	
53	0	0	
54	0	0	
55	0	0	
56	10	10	
57	10	10	
58	10	10	
59	10	10	
60	10	10	
61	10	10	
62	10	10	
63	10	10	
64	10	10	
65	10	10	
66	10	10	
67	10	10	
68	10	10	
69	10	10	
70	10	10	
71	10	10	
72	10	10	
73	10	10	
74	10	10	
75	10	10	
76	10	10	
77	10	10	
78	10	10	
79	10	10	
80	10	10	
81	10	10	
82	10	10	
83	10	10	
84	10	10	
85	10	10	
86	10	10	
87	10	10	
88	10	10	
89	10	10	
90	10	10	
91	10	10	
92	10	10	
93	10	10	
94	10	10	
95	10	10	
96	10	10	
97	10	10	
98	10	10	
99	10	10	
@edges
		label	capacity	residual	weight	link	
0	12	0	10	10	1	12	
0	13	1	10	10	1	12	
0	14	2	10	10	1	12	
0	15	3	10	10	1	12	
0	16	4	10	10	1	12	
0	17	5	10	10	1	12	
0	18	6	10	10	1	12	
0	19	7	10	10	1	12	
0	20	8	10	10	1	12	
0	21	9	10	10	1	12	
0	22	10	10	10	1	12	
0	23	11	10	10	1	12	
0	24	12	10	10	1	12	
0	25	13	10	10	1	12	
0	26	14	10	10	1	12	
0	27	15	10	10	1	12	
0	28	16	10	10	1	12	
0	29	17	10	10	1	12	
0	30	18	10	10	1	12	
0	31	19	10	10	1	12	
0	32	20	10	10	1	12	
0	33	21	10	10	1	12	
1	12	22	10	10	1	12	
1	13	23	10	10	1	12	
1	14	24	10	10	1	12	
1	15	25	10	10	1	12	
1	16	26	10	10	1	12	
1	17	27	10	10	1	12	
1	18	28	10	10	1	12	
1	19	29	10	10	1	12	
1	20	30	10	10	1	12	
1	21	31	10	10	1	12	
1	22	32	10	10	1	12	
1	23	33	10	10	1	12	
1	24	34	10	10	1	12	
1	25	35	10	10	1	12	
1	26	36	10	10	1	12	
1	27	37	10	10	1	12	
1	28	38	10	10	1	12	
1	29	39	10	10	1	12	
1	30	40	10	10	1	12	
1	31	41	10	10	1	12	
1	32	42	10	10	1	12	
1	33	43	10	10	1	12	
2	12	44	10	10	1	12	
2	13	45	10	10	1	12	
2	14	46	10	10	1	12	
2	15	47	10	10	1	12	
2	16	48	10	10	1	12	
2	17	49	10	10	1	12	
2	18	50	10	10	1	12	
2	19	51	10	10	1	12	
2	20	52	10	10	1	12	
2	21	53	10	10	1	12	
2	22	54	10	10	1	12	
2	23	55	10	10	1	12	
2	24	56	10	10	1	12	
2	25	57	10	10	1	12	
2	26	58	10	10	1	12	
2	27	59	10	10	1	12	
2	28	60	10	10	1	12	
2	29	61	10	10	1	12	
2	30	62	10	10	1	12	
2	31	63	10	10	1	12	
2	32	64	10	10	1	12	
2	33	65	10	10	1	12	
3	12	66	10	10	1	12	
3	13	67	10	10	1	12	
3	14	68	10	10	1	12	
3	15	69	10	10	1	12	
3	16	70	10	10	1	12	
3	17	71	10	10	1	12	
3	18	72	10	10	1	12	
3	19	73	10	10	1	12	
3	20	74	10	10	1	12	
3	21	75	10	10	1	12	
3	22	76	10	10	1	12	
3	23	77	10	10	1	12	
3	24	78	10	10	1	12	
3	25	79	10	10	1	12	
3	26	80	10	10	1	12	
3	27	81	10	10	1	12	
3	28	82	10	10	1	12	
3	29	83	10	10	1	12	
3	30	84	10	10	1	12	
3	31	85	10	10	1	12	
3	32	86	10	10	1	12	
3	33	87	10	10	1	12	
4	12	88	10	10	1	12	
4	13	89	10	10	1	12	
4	14	90	10	10	1	12	
4	15	91	10	10	1	12	
4	16	92	10	10	1	12	
4	17	93	10	10	1	12	
4	18	94	10	10	1	12	
4	19	95	10	10	1	12	
4	20	96	10	10	1	12	
4	21	97	10	10	1	12	
4	22	98	10	10	1	12	
4	23	99	10	10	1	12	
4	24	100	10	10	1	12	
4	25	101	10	10	1	12	
4	26	102	10	10	1	12	
4	27	103	10	10	1	12	
4	28	104	10	10	1	12	
4	29	105	10	10	1	12	
4	30	106	10	10	1	12	
4	31	107	10	10	1	12	
4	32	108	10	10	1	12	
4	33	109	10	10	1	12	
5	12	110	10	10	1	12	
5	13	111	10	10	1	12	
5	14	112	10	10	1	12	
5	15	113	10	10	1	12	
5	16	114	10	10	1	12	
5	17	115	10	10	1	12	
5	18	116	10	10	1	12	
5	19	117	10	10	1	12	
5	20	118	10	10	1	12	
5	21	119	10	10	1	12	
5	22	120	10	10	1	12	
5	23	121	10	10	1	12	
5	24	122	10	10	1	12	
5	25	123	10	10	1	12	
5	26	124	10	10	1	12	
5	27	125	10	10	1	12	
5	28	126	10	10	1	12	
5	29	127	10	10	1	12	
5	30	128	10	10	1	12	
5	31	129	10	10	1	12	
5	32	130	10	10	1	12	
5	33	131	10	10	1	12	
6	12	132	10	10	1	12	
6	13	133	10	10	1	12	
6	14	134	10	10	1	12	
6	15	135	10	10	1	12	
6	16	136	10	10	1	12	
6	17	137	10	10	1	12	
6	18	138	10	10	1	12	
6	19	139	10	10	1	12	
6	20	140	10	10	1	12	
6	21	141	10	10	1	12	
6	22	142	10	10	1	12	
6	23	143	10	10	1	12	
6	24	144	10	10	1	12	
6	25	145	10	10	1	12	
6	26	146	10	10	1	12	
6	27	147	10	10	1	12	
6	28	148	10	10	1	12	
6	29	149	10	10	1	12	
6	30	150	10	10	1	12	
6	31	151	10	10	1	12	
6	32	152	10	10	1	12	
6	33	153	10	10	1	12	
7	12	154	10	10	1	12	
7	13	155	10	10	1	12	
7	14	156	10	10	1	12	
7	15	157	10	10	1	12	
7	16	158	10	10	1	12	
7	17	159	10	10	1	12	
7	18	160	10	10	1	12	
7	19	161	10	10	1	12	
7	20	162	10	10	1	12	
7	21	163	10	10	1	12	
7	22	164	10	10	1	12	
7	23	165	10	10	1	12	
7	24	166	10	10	1	12	
7	25	167	10	10	1	12	
7	26	168	10	10	1	12	
7	27	169	10	10	1	12	
7	28	170	10	10	1	12	
7	29	171	10	10	1	12	
7	30	172	10	10	1	12	
7	31	173	10	10	1	12	
7	32	174	10	10	1	12	
7	33	175	10	10	1	12	
8	12	176	10	10	1	12	
8	13	177	10	10	1	12	
8	14	178	10	10	1	12	
8	15	179	10	10	1	12	
8	16	180	10	10	1	12	
8	17	181	10	10	1	12	
8	18	182	10	10	1	12	
8	19	183	10	10	1	12	
8	20	184	10	10	1	12	
8	21	185	10	10	1	12	
8	22	186	10	10	1	12	
8	23	187	10	10	1	12	
8	24	188	10	10	1	12	
8	25	189	10	10	1	12	
8	26	190	10	10	1	12	
8	27	191	10	10	1	12	
8	28	192	10	10	1	12	
8	29	193	10	10	1	12	
8	30	194	10	10	1	12	
8	31	195	10	10	1	12	
8	32	196	10	10	1	12	
8	33	197	10	10	1	12	
9	12	198	10	10	1	12	
9	13	199	10	10	1	12	
9	14	200	10	10	1	12	
9	15	201	10	10	1	12	
9	16	202	10	10	1	12	
9	17	203	10	10	1	12	
9	18	204	10	10	1	12	
9	19	205	10	10	1	12	
9	20	206	10	10	1	12	
9	21	207	10	10	1	12	
9	22	208	10	10	1	12	
9	23	209	10	10	1	12	
9	24	210	10	10	1	12	
9	25	211	10	10	1	12	
9	26	212	10	10	1	12	
9	27	213	10	10	1	12	
9	28	214	10	10	1	12	
9	29	215	10	10	1	12	
9	30	216	10	10	1	12	
9	31	217	10	10	1	12	
9	32	218	10	10	1	12	
9	33	219	10	10	1	12	
10	12	220	10	10	1	12	
10	13	221	10	10	1	12	
10	14	222	10	10	1	12	
10	15	223	10	10	1	12	
10	16	224	10	10	1	12	
10	17	225	10	10	1	12	
10	18	226	10	10	1	12	
10	19	227	10	10	1	12	
10	20	228	10	10	1	12	
10	21	229	10	10	1	12	
10	22	230	10	10	1	12	
10	23	231	10	10	1	12	
10	24	232	10	10	1	12	
10	25	233	10	10	1	12	
10	26	234	10	10	1	12	
10	27	235	10	10	1	12	
10	28	236	10	10	1	12	
10	29	237	10	10	1	12	
10	30	238	10	10	1	12	
10	31	239	10	10	1	12	
10	32	240	10	10	1	12	
10	33	241	10	10	1	12	
11	12	242	10	10	1	12	
11	13	243	10	10	1	12	
11	14	244	10	10	1	12	
11	15	245	10	10	1	12	
11	16	246	10	10	1	12	
11	17	247	10	10	1	12	
11	18	248	10	10	1	12	
11	19	249	10	10	1	12	
11	20	250	10	10	1	12	
11	21	251	10	10	1	12	
11	22	252	10	10	1	12	
11	23	253	10	10	1	12	
11	24	254	10	10	1	12	
11	25	255	10	10	1	12	
11	26	256	10	10	1	12	
11	27	257	10	10	1	12	
11	28	258	10	10	1	12	
11	29	259	10	10	1	12	
11	30	260	10	10	1	12	
11	31	261	10	10	1	12	
11	32	262	10	10	1	12	
11	33	263	10	10	1	12	
12	34	264	10	10	1	12	
12	35	265	10	10	1	12	
13	34	266	10	10	1	12	
13	35	267	10	10	1	12	
14	36	268	10	10	1	12	
14	37	269	10	10	1	12	
15	36	270	10	10	1	12	
15	37	271	10	10	1	12	
16	38	272	10	10	1	12	
16	39	273	10	10	1	12	
17	38	274	10	10	1	12	
17	39	275	10	10	1	12	
18	40	276	10	10	1	12	
18	41	277	10	10	1	12	
19	40	278	10	10	1	12	
19	41	279	10	10	1	12	
20	42	280	10	10	1	12	
20	43	281	10	10	1	12	
21	42	282	10	10	1	12	
21	43	283	10	10	1	12	
22	44	284	10	10	1	12	
22	45	285	10	10	1	12	
23	44	286	10	10	1	12	
23	45	287	10	10	1	12	
24	46	288	10	10	1	12	
24	47	289	10	10	1	12	
25	46	290	10	10	1	12	
25	47	291	10	10	1	12	
26	48	292	10	10	1	12	
26	49	293	10	10	1	12	
27	48	294	10	10	1	12	
27	49	295	10	10	1	12	
28	50	296	10	10	1	12	
28	51	297	10	10	1	12	
29	50	298	10	10	1	12	
29	51	299	10	10	1	12	
30	52	300	10	10	1	12	
30	53	301	10	10	1	12	
31	52	302	10	10	1	12	
31	53	303	10	10	1	12	
32	54	304	10	10	1	12	
32	55	305	10	10	1	12	
33	54	306	10	10	1	12	
33	55	307	10	10	1	12	
34	56	308	10	10	1	12	
34	57	309	10	10	1	12	
35	58	310	10	10	1	12	
35	59	311	10	10	1	12	
36	60	312	10	10	1	12	
36	61	313	10	10	1	12	
37	62	314	10	10	1	12	
37	63	315	10	10	1	12	
38	64	316	10	10	1	12	
38	65	317	10	10	1	12	
39	66	318	10	10	1	12	
39	67	319	10	10	1	12	
40	68	320	10	10	1	12	
40	69	321	10	10	1	12	
41	70	322	10	10	1	12	
41	71	323	10	10	1	12	
42	72	324	10	10	1	12	
42	73	325	10	10	1	12	
43	74	326	10	10	1	12	
43	75	327	10	10	1	12	
44	76	328	10	10	1	12	
44	77	329	10	10	1	12	
45	78	330	10	10	1	12	
45	79	331	10	10	1	12	
46	80	332	10	10	1	12	
46	81	333	10	10	1	12	
47	82	334	10	10	1	12	
47	83	335	10	10	1	12	
48	84	336	10	10	1	12	
48	85	337	10	10	1	12	
49	86	338	10	10	1	12	
49	87	339	10	10	1	12	
50	88	340	10	10	1	12	
50	89	341	10	10	1	12	
51	90	342	10	10	1	12	
51	91	343	10	10	1	12	
52	92	344	10	10	1	12	
52	93	345	10	10	1	12	
53	94	346	10	10	1	12	
53	95	347	10	10	1	12	
54	96	348	10	10	1	12	
54	97	349	10	10	1	12	
55	98	350	10	10	1	12	
55	99	351	10	10	1	12	
