@nodes
label	capacity	supply	
0	0	0	
1	0	0	
2	0	0	
3	0	0	
4	0	0	
5	0	0	
6	0	0	
7	0	0	
8	0	0	
9	0	0	
10	0	0	
11	0	0	
12	0	0	
13	0	0	
14	0	0	
15	0	0	
16	0	0	
17	0	0	
18	0	0	
19	0	0	
20	0	0	
21	0	0	
22	0	0	
23	0	0	
24	0	0	
25	0	0	
26	0	0	
27	0	0	
28	0	0	
29	0	0	
30	0	0	
31	0	0	
32	0	0	
33	0	0	
34	0	0	
35	0	0	
36	0	0	
37	0	0	
38	0	0	
39	0	0	
40	0	0	
41	0	0	
42	0	0	
43	0	0	
44	0	0	
45	0	0	
46	0	0	
47	0	0	
48	0	0	
49	0	0	
50	0	0	
51	0	0	
52	0	0	
53	0	0	
54	0	0	
55	0	0	
56	0	0	
57	0	0	
58	0	0	
59	0	0	
60	0	0	
61	0	0	
62	0	0	
63	0	0	
64	0	0	
65	0	0	
66	0	0	
67	0	0	
68	0	0	
69	0	0	
70	0	0	
71	0	0	
72	0	0	
73	0	0	
74	0	0	
75	0	0	
76	0	0	
77	0	0	
78	0	0	
79	0	0	
80	0	0	
81	0	0	
82	0	0	
83	0	0	
84	0	0	
85	0	0	
86	0	0	
87	0	0	
88	0	0	
89	0	0	
90	0	0	
91	0	0	
92	0	0	
93	0	0	
94	0	0	
95	0	0	
96	0	0	
97	0	0	
98	0	0	
99	0	0	
@edges
		label	demandId	capacity	weight	
0	12	0	0	0	0	
0	13	1	0	0	0	
0	14	2	0	0	0	
0	15	3	0	0	0	
0	16	4	0	0	0	
0	17	5	0	0	0	
0	18	6	0	0	0	
0	19	7	0	0	0	
0	20	8	0	0	0	
0	21	9	0	0	0	
0	22	10	0	0	0	
0	23	11	0	0	0	
0	24	12	0	0	0	
0	25	13	0	0	0	
0	26	14	0	0	0	
0	27	15	0	0	0	
0	28	16	0	0	0	
0	29	17	0	0	0	
0	30	18	0	0	0	
0	31	19	0	0	0	
0	32	20	0	0	0	
0	33	21	0	0	0	
1	12	22	0	0	0	
1	13	23	0	0	0	
1	14	24	0	0	0	
1	15	25	0	0	0	
1	16	26	0	0	0	
1	17	27	0	0	0	
1	18	28	0	0	0	
1	19	29	0	0	0	
1	20	30	0	0	0	
1	21	31	0	0	0	
1	22	32	0	0	0	
1	23	33	0	0	0	
1	24	34	0	0	0	
1	25	35	0	0	0	
1	26	36	0	0	0	
1	27	37	0	0	0	
1	28	38	0	0	0	
1	29	39	0	0	0	
1	30	40	0	0	0	
1	31	41	0	0	0	
1	32	42	0	0	0	
1	33	43	0	0	0	
2	12	44	0	0	0	
2	13	45	0	0	0	
2	14	46	0	0	0	
2	15	47	0	0	0	
2	16	48	0	0	0	
2	17	49	0	0	0	
2	18	50	0	0	0	
2	19	51	0	0	0	
2	20	52	0	0	0	
2	21	53	0	0	0	
2	22	54	0	0	0	
2	23	55	0	0	0	
2	24	56	0	0	0	
2	25	57	0	0	0	
2	26	58	0	0	0	
2	27	59	0	0	0	
2	28	60	0	0	0	
2	29	61	0	0	0	
2	30	62	0	0	0	
2	31	63	0	0	0	
2	32	64	0	0	0	
2	33	65	0	0	0	
3	12	66	0	0	0	
3	13	67	0	0	0	
3	14	68	0	0	0	
3	15	69	0	0	0	
3	16	70	0	0	0	
3	17	71	0	0	0	
3	18	72	0	0	0	
3	19	73	0	0	0	
3	20	74	0	0	0	
3	21	75	0	0	0	
3	22	76	0	0	0	
3	23	77	0	0	0	
3	24	78	0	0	0	
3	25	79	0	0	0	
3	26	80	0	0	0	
3	27	81	0	0	0	
3	28	82	0	0	0	
3	29	83	0	0	0	
3	30	84	0	0	0	
3	31	85	0	0	0	
3	32	86	0	0	0	
3	33	87	0	0	0	
4	12	88	0	0	0	
4	13	89	0	0	0	
4	14	90	0	0	0	
4	15	91	0	0	0	
4	16	92	0	0	0	
4	17	93	0	0	0	
4	18	94	0	0	0	
4	19	95	0	0	0	
4	20	96	0	0	0	
4	21	97	0	0	0	
4	22	98	0	0	0	
4	23	99	0	0	0	
4	24	100	0	0	0	
4	25	101	0	0	0	
4	26	102	0	0	0	
4	27	103	0	0	0	
4	28	104	0	0	0	
4	29	105	0	0	0	
4	30	106	0	0	0	
4	31	107	0	0	0	
4	32	108	0	0	0	
4	33	109	0	0	0	
5	12	110	0	0	0	
5	13	111	0	0	0	
5	14	112	0	0	0	
5	15	113	0	0	0	
5	16	114	0	0	0	
5	17	115	0	0	0	
5	18	116	0	0	0	
5	19	117	0	0	0	
5	20	118	0	0	0	
5	21	119	0	0	0	
5	22	120	0	0	0	
5	23	121	0	0	0	
5	24	122	0	0	0	
5	25	123	0	0	0	
5	26	124	0	0	0	
5	27	125	0	0	0	
5	28	126	0	0	0	
5	29	127	0	0	0	
5	30	128	0	0	0	
5	31	129	0	0	0	
5	32	130	0	0	0	
5	33	131	0	0	0	
6	12	132	0	0	0	
6	13	133	0	0	0	
6	14	134	0	0	0	
6	15	135	0	0	0	
6	16	136	0	0	0	
6	17	137	0	0	0	
6	18	138	0	0	0	
6	19	139	0	0	0	
6	20	140	0	0	0	
6	21	141	0	0	0	
6	22	142	0	0	0	
6	23	143	0	0	0	
6	24	144	0	0	0	
6	25	145	0	0	0	
6	26	146	0	0	0	
6	27	147	0	0	0	
6	28	148	0	0	0	
6	29	149	0	0	0	
6	30	150	0	0	0	
6	31	151	0	0	0	
6	32	152	0	0	0	
6	33	153	0	0	0	
7	12	154	0	0	0	
7	13	155	0	0	0	
7	14	156	0	0	0	
7	15	157	0	0	0	
7	16	158	0	0	0	
7	17	159	0	0	0	
7	18	160	0	0	0	
7	19	161	0	0	0	
7	20	162	0	0	0	
7	21	163	0	0	0	
7	22	164	0	0	0	
7	23	165	0	0	0	
7	24	166	0	0	0	
7	25	167	0	0	0	
7	26	168	0	0	0	
7	27	169	0	0	0	
7	28	170	0	0	0	
7	29	171	0	0	0	
7	30	172	0	0	0	
7	31	173	0	0	0	
7	32	174	0	0	0	
7	33	175	0	0	0	
8	12	176	0	0	0	
8	13	177	0	0	0	
8	14	178	0	0	0	
8	15	179	0	0	0	
8	16	180	0	0	0	
8	17	181	0	0	0	
8	18	182	0	0	0	
8	19	183	0	0	0	
8	20	184	0	0	0	
8	21	185	0	0	0	
8	22	186	0	0	0	
8	23	187	0	0	0	
8	24	188	0	0	0	
8	25	189	0	0	0	
8	26	190	0	0	0	
8	27	191	0	0	0	
8	28	192	0	0	0	
8	29	193	0	0	0	
8	30	194	0	0	0	
8	31	195	0	0	0	
8	32	196	0	0	0	
8	33	197	0	0	0	
9	12	198	0	0	0	
9	13	199	0	0	0	
9	14	200	0	0	0	
9	15	201	0	0	0	
9	16	202	0	0	0	
9	17	203	0	0	0	
9	18	204	0	0	0	
9	19	205	0	0	0	
9	20	206	0	0	0	
9	21	207	0	0	0	
9	22	208	0	0	0	
9	23	209	0	0	0	
9	24	210	0	0	0	
9	25	211	0	0	0	
9	26	212	0	0	0	
9	27	213	0	0	0	
9	28	214	0	0	0	
9	29	215	0	0	0	
9	30	216	0	0	0	
9	31	217	0	0	0	
9	32	218	0	0	0	
9	33	219	0	0	0	
10	12	220	0	0	0	
10	13	221	0	0	0	
10	14	222	0	0	0	
10	15	223	0	0	0	
10	16	224	0	0	0	
10	17	225	0	0	0	
10	18	226	0	0	0	
10	19	227	0	0	0	
10	20	228	0	0	0	
10	21	229	0	0	0	
10	22	230	0	0	0	
10	23	231	0	0	0	
10	24	232	0	0	0	
10	25	233	0	0	0	
10	26	234	0	0	0	
10	27	235	0	0	0	
10	28	236	0	0	0	
10	29	237	0	0	0	
10	30	238	0	0	0	
10	31	239	0	0	0	
10	32	240	0	0	0	
10	33	241	0	0	0	
11	12	242	0	0	0	
11	13	243	0	0	0	
11	14	244	0	0	0	
11	15	245	0	0	0	
11	16	246	0	0	0	
11	17	247	0	0	0	
11	18	248	0	0	0	
11	19	249	0	0	0	
11	20	250	0	0	0	
11	21	251	0	0	0	
11	22	252	0	0	0	
11	23	253	0	0	0	
11	24	254	0	0	0	
11	25	255	0	0	0	
11	26	256	0	0	0	
11	27	257	0	0	0	
11	28	258	0	0	0	
11	29	259	0	0	0	
11	30	260	0	0	0	
11	31	261	0	0	0	
11	32	262	0	0	0	
11	33	263	0	0	0	
12	34	264	0	0	0	
12	35	265	0	0	0	
13	34	266	0	0	0	
13	35	267	0	0	0	
14	36	268	0	0	0	
14	37	269	0	0	0	
15	36	270	0	0	0	
15	37	271	0	0	0	
16	38	272	0	0	0	
16	39	273	0	0	0	
17	38	274	0	0	0	
17	39	275	0	0	0	
18	40	276	0	0	0	
18	41	277	0	0	0	
19	40	278	0	0	0	
19	41	279	0	0	0	
20	42	280	0	0	0	
20	43	281	0	0	0	
21	42	282	0	0	0	
21	43	283	0	0	0	
22	44	284	0	0	0	
22	45	285	0	0	0	
23	44	286	0	0	0	
23	45	287	0	0	0	
24	46	288	0	0	0	
24	47	289	0	0	0	
25	46	290	0	0	0	
25	47	291	0	0	0	
26	48	292	0	0	0	
26	49	293	0	0	0	
27	48	294	0	0	0	
27	49	295	0	0	0	
28	50	296	0	0	0	
28	51	297	0	0	0	
29	50	298	0	0	0	
29	51	299	0	0	0	
30	52	300	0	0	0	
30	53	301	0	0	0	
31	52	302	0	0	0	
31	53	303	0	0	0	
32	54	304	0	0	0	
32	55	305	0	0	0	
33	54	306	0	0	0	
33	55	307	0	0	0	
34	56	308	0	0	0	
34	57	309	0	0	0	
35	58	310	0	0	0	
35	59	311	0	0	0	
36	60	312	0	0	0	
36	61	313	0	0	0	
37	62	314	0	0	0	
37	63	315	0	0	0	
38	64	316	0	0	0	
38	65	317	0	0	0	
39	66	318	0	0	0	
39	67	319	0	0	0	
40	68	320	0	0	0	
40	69	321	0	0	0	
41	70	322	0	0	0	
41	71	323	0	0	0	
42	72	324	0	0	0	
42	73	325	0	0	0	
43	74	326	0	0	0	
43	75	327	0	0	0	
44	76	328	0	0	0	
44	77	329	0	0	0	
45	78	330	0	0	0	
45	79	331	0	0	0	
46	80	332	0	0	0	
46	81	333	0	0	0	
47	82	334	0	0	0	
47	83	335	0	0	0	
48	84	336	0	0	0	
48	85	337	0	0	0	
49	86	338	0	0	0	
49	87	339	0	0	0	
50	88	340	0	0	0	
50	89	341	0	0	0	
51	90	342	0	0	0	
51	91	343	0	0	0	
52	92	344	0	0	0	
52	93	345	0	0	0	
53	94	346	0	0	0	
53	95	347	0	0	0	
54	96	348	0	0	0	
54	97	349	0	0	0	
55	98	350	0	0	0	
55	99	351	0	0	0	
