Old Flow
5 24 43 15 11 21 87 20 6 26 74 17 0 18 51 
5 24 86 32 7 27 51 
11 33 77 20 10 22 44 31 4 28 70 13 9 17 95 
11 23 53 20 8 12 95 
6 21 67 30 7 24 61 19 2 32 72 25 8 26 35 
6 19 71 15 1 25 35 
10 14 53 20 11 21 80 
10 13 97 19 6 26 80 
0 25 85 32 3 27 92 23 11 15 39 17 10 16 83 24 4 18 51 31 6 12 49 
0 26 71 20 9 13 49 
9 23 42 29 11 33 55 28 0 18 34 32 2 30 50 24 3 19 68 31 7 21 60 
9 29 44 14 0 19 60 
7 13 39 26 1 15 75 24 3 16 51 21 4 28 94 32 11 31 34 25 10 14 84 
7 28 80 32 8 23 84 
1 30 50 17 6 15 75 
1 31 57 30 4 24 75 
7 28 51 26 6 17 97 15 5 18 88 20 9 22 57 
7 30 55 28 8 22 57 
7 21 69 15 2 33 91 28 1 18 87 26 8 17 34 
7 33 99 26 0 31 34 
5 18 63 28 6 20 53 14 7 23 97 
5 17 57 13 7 19 97 
3 18 78 21 4 23 81 32 5 28 71 20 6 22 49 31 0 24 48 
3 22 94 27 9 19 48 
6 16 64 14 1 26 62 
6 33 99 31 0 13 62 
5 29 56 13 2 17 67 30 8 20 74 21 0 12 94 33 6 31 34 
5 21 87 24 3 32 34 
4 18 42 13 0 28 46 25 6 14 43 31 7 23 45 26 1 22 99 
4 32 54 18 6 13 99 
9 26 99 31 6 19 76 30 11 29 88 25 1 14 78 32 8 17 56 
9 12 98 31 2 22 56 
1 14 74 17 10 25 76 
1 18 82 15 2 25 76 
10 22 97 20 2 27 60 32 8 12 51 
10 20 55 27 8 22 51 
3 27 54 28 0 32 67 22 2 19 43 21 4 16 73 
3 20 59 18 6 24 73 
9 12 52 30 7 17 49 28 0 25 62 32 2 14 83 16 11 21 43 24 1 18 75 
9 13 44 31 11 16 75 
6 12 57 14 11 19 60 21 0 26 51 27 2 33 86 31 3 25 72 28 9 20 70 
6 17 86 22 11 27 70 
5 12 72 13 10 20 71 14 4 22 69 26 7 23 97 28 11 31 84 
5 25 59 13 11 24 84 
2 18 60 32 6 20 86 
2 17 58 24 0 22 86 
3 17 89 28 0 24 38 23 8 29 52 21 10 26 90 33 1 22 77 
3 19 98 31 8 25 77 
2 21 35 31 8 13 85 25 0 20 81 29 6 27 99 
2 19 69 14 8 29 99 
5 22 87 31 11 17 61 
5 26 45 31 4 21 61 
9 31 78 15 3 12 52 24 5 23 58 28 0 27 64 32 2 22 69 
9 26 75 31 7 30 69 
5 33 74 27 2 14 97 23 3 31 76 
5 33 88 24 6 32 76 
10 27 59 15 3 22 40 30 1 14 52 18 9 32 49 19 6 24 47 23 2 16 96 
10 23 97 20 2 21 96 
1 32 92 22 9 20 58 
1 24 49 14 7 21 58 
0 20 48 22 5 26 97 16 4 18 43 13 9 27 45 
0 27 62 14 5 25 45 
3 26 86 25 6 28 37 12 7 13 35 14 1 31 51 
3 21 76 33 4 25 51 
3 18 51 32 11 13 36 26 5 20 68 17 0 21 54 29 10 30 81 
3 30 96 24 5 22 81 
3 15 76 26 7 30 44 33 0 14 85 12 1 23 99 19 5 13 57 18 4 20 64 
3 31 82 30 11 12 64 
8 33 95 20 0 28 79 30 6 18 69 31 5 17 75 15 9 12 80 
8 14 60 29 3 27 80 
9 13 72 15 8 22 99 33 3 25 94 31 7 32 60 20 1 23 44 
9 18 65 32 10 27 44 
6 17 91 18 5 14 56 
6 17 38 24 2 13 56 
0 16 54 24 7 19 61 15 11 12 60 33 3 26 95 18 2 28 90 25 6 14 45 
0 25 51 24 8 27 45 
8 18 82 27 5 32 95 26 2 13 53 
8 20 42 14 5 15 53 
11 16 43 17 8 30 38 20 3 14 60 
11 27 73 19 4 26 60 
4 23 79 29 9 25 69 26 11 31 38 15 1 32 85 30 5 27 77 33 2 18 94 
4 18 87 13 1 33 94 
2 20 90 28 11 18 67 25 8 19 64 32 5 24 43 26 0 21 70 31 3 29 72 
2 28 36 12 3 17 72 
4 12 81 20 6 24 83 21 8 16 51 
4 26 50 28 2 20 51 
7 16 92 21 11 28 39 18 0 30 85 
7 17 86 25 10 15 85 
7 20 83 25 9 12 82 30 3 17 74 
7 29 61 24 5 17 74 
5 15 64 33 7 21 76 
5 25 38 18 11 28 76 
7 22 88 26 3 24 60 19 0 16 35 13 11 12 75 21 8 18 91 20 1 27 96 
7 25 72 21 3 19 96 
5 14 77 33 0 21 76 13 1 23 39 20 8 26 50 
5 19 41 21 6 16 50 
8 14 71 24 0 22 58 20 2 21 41 30 10 31 76 19 4 18 72 
8 18 74 12 9 31 72 
7 32 59 18 3 33 55 21 0 25 40 
7 26 91 29 0 23 40 
8 21 67 30 3 19 99 23 0 20 70 27 7 28 74 12 4 22 93 31 1 13 91 
8 16 34 32 3 25 91 
1 33 42 24 7 16 61 13 8 31 54 30 2 26 96 
1 22 92 33 4 31 96 
7 12 56 23 11 19 49 13 0 17 42 32 10 33 90 15 9 25 48 27 8 21 47 
7 21 99 31 3 15 47 
2 27 46 33 8 15 43 
2 16 60 20 6 13 43 
0 20 45 13 7 27 67 16 3 23 37 17 9 33 63 
0 14 87 31 5 25 63 
8 33 50 18 11 30 82 
8 22 75 28 7 25 82 
9 30 72 22 0 18 54 
9 28 42 20 10 27 54 
9 16 78 25 2 15 88 32 1 13 82 28 7 33 74 
9 12 47 25 3 28 74 
1 27 69 22 10 15 60 16 9 32 34 23 6 18 76 20 3 24 88 26 2 12 41 
1 18 86 29 11 25 41 
8 29 65 15 1 22 68 21 5 18 36 17 2 28 40 33 0 19 77 
8 31 93 16 7 33 77 
2 15 96 14 9 31 70 28 4 30 48 26 5 27 56 32 7 13 69 21 11 16 98 
2 33 42 14 9 19 98 
4 22 94 21 10 26 99 
4 29 93 14 8 19 99 
8 15 96 18 4 20 83 16 7 24 97 14 1 19 88 17 5 13 76 
8 20 53 21 1 25 76 
2 20 37 28 11 33 89 31 10 27 74 18 1 25 45 22 7 15 99 19 9 12 41 
2 30 54 24 8 26 41 
8 22 63 32 5 33 84 28 4 31 45 
8 26 43 14 4 23 45 
5 31 94 17 7 15 57 28 0 12 84 25 1 27 75 18 6 22 90 33 2 30 95 
5 27 81 22 6 24 95 
0 19 74 26 5 13 73 23 3 12 39 
0 18 94 20 4 31 39 
10 30 70 19 4 12 60 23 11 25 65 21 9 16 84 
10 29 62 22 11 15 84 
3 24 63 32 6 22 85 28 8 14 64 30 0 12 78 27 7 25 87 17 10 13 37 
3 27 96 14 1 22 37 
0 24 49 31 7 12 48 32 8 15 67 
0 24 54 12 10 21 67 
5 24 51 20 4 33 37 15 3 31 97 
5 19 35 31 3 25 97 
8 22 86 23 1 13 42 
8 30 54 17 4 18 42 
9 18 91 33 6 28 43 20 3 21 46 12 11 17 55 31 4 32 81 
9 15 63 14 0 17 81 
3 19 58 23 4 14 73 18 5 17 60 16 1 28 64 
3 27 74 29 5 18 64 
2 28 84 19 10 26 76 33 6 29 81 
2 26 35 17 5 21 81 
8 27 55 20 4 29 85 19 10 22 35 
8 15 81 17 4 16 35 
5 16 91 31 2 29 60 28 0 20 39 24 1 32 48 17 7 30 63 14 9 25 53 
5 28 56 17 10 31 53 
6 14 64 28 11 23 48 29 4 13 70 30 2 17 60 21 9 33 73 
6 17 70 20 10 30 73 
4 26 53 32 1 23 43 29 0 25 67 15 10 28 35 30 2 17 48 
4 13 47 26 9 22 48 
6 21 64 24 8 15 35 16 4 32 44 13 11 18 71 31 2 30 53 33 9 19 91 
6 21 34 20 10 27 91 
0 25 44 13 11 22 35 
0 12 82 23 2 22 35 
0 26 50 14 3 33 51 31 5 16 85 24 9 13 69 22 6 25 82 15 8 29 42 
0 23 76 30 3 24 42 
3 12 72 18 7 20 41 24 2 14 73 17 4 27 70 33 11 19 68 
3 16 46 28 8 21 68 
4 32 41 24 8 33 96 30 5 14 71 15 6 13 80 31 10 17 66 18 11 16 78 
4 22 88 13 11 18 78 
9 15 80 23 2 29 47 
9 17 59 16 6 27 47 
6 23 56 29 0 12 43 
6 31 64 29 2 14 43 
3 32 40 16 6 17 53 13 2 22 72 
3 27 93 21 8 25 72 
10 17 72 18 5 27 91 22 0 20 69 15 2 16 46 
10 27 81 14 4 28 46 
7 26 55 27 2 24 43 22 4 16 96 17 6 20 81 
7 31 71 28 1 13 81 
4 18 97 14 0 20 35 22 8 30 79 
4 19 89 12 0 24 79 
8 25 89 12 4 19 58 
8 20 98 26 6 29 58 
8 28 84 15 3 25 80 29 6 16 75 14 0 31 67 
8 16 90 15 2 12 67 
2 33 58 13 11 17 70 26 1 32 96 16 7 20 92 
2 16 88 19 8 25 92 
10 32 47 22 5 33 45 26 9 23 92 31 4 27 83 29 2 14 52 
10 33 69 21 6 30 52 
11 31 51 21 5 18 90 
11 30 78 18 1 22 90 
6 31 98 30 2 18 49 
6 21 82 29 3 23 49 
9 15 95 24 1 31 55 25 5 27 58 28 2 19 87 12 7 21 77 13 11 23 88 
9 24 76 30 5 23 88 
1 33 74 13 5 25 48 24 2 23 49 16 8 27 99 28 10 20 94 
1 27 73 18 2 24 94 
5 23 79 17 11 33 54 
5 21 70 23 3 20 54 
1 29 75 27 7 23 78 19 5 30 43 17 3 26 34 12 8 31 79 
1 18 44 15 8 16 79 
10 17 35 31 0 25 82 19 9 33 59 23 3 14 63 27 5 16 45 
10 19 57 29 0 12 45 
2 16 38 26 5 17 62 
2 33 72 32 6 22 62 
9 26 40 29 4 27 74 28 3 30 76 17 1 20 60 25 11 19 35 
9 28 66 20 10 19 35 
0 25 37 29 1 18 41 
0 25 68 18 1 33 41 
0 23 81 12 6 18 44 20 8 28 69 
0 18 61 15 9 32 69 
4 28 76 32 10 21 52 22 1 12 57 
4 25 60 33 9 13 57 
4 17 72 12 8 18 98 15 6 22 81 19 10 24 43 
4 18 84 27 7 12 43 
8 25 77 30 3 28 40 29 1 17 56 20 5 16 46 23 10 27 95 
8 26 50 32 4 16 95 
3 28 56 15 6 23 43 
3 21 35 24 7 17 43 
6 24 74 19 9 20 87 13 3 26 92 
6 28 59 29 11 14 92 
10 12 67 21 6 23 74 22 4 13 76 31 3 25 45 
10 30 88 28 0 16 45 
11 33 78 30 0 21 61 19 9 28 87 
11 32 53 17 6 20 87 
11 14 77 27 6 33 55 24 10 29 62 12 2 15 79 19 0 21 59 
11 25 66 32 0 29 59 
6 24 99 32 4 20 97 19 3 29 64 22 7 13 82 30 1 18 72 
6 12 78 18 9 21 72 
10 22 84 25 7 33 46 24 9 12 59 19 6 28 87 
10 23 42 28 7 30 87 
1 28 52 25 7 33 40 29 10 17 64 12 4 26 92 15 6 18 37 
1 27 54 32 0 22 37 
5 13 72 12 3 18 41 28 8 22 97 30 4 19 34 
5 19 57 15 2 17 34 
2 22 36 25 6 20 38 
2 18 91 20 11 19 38 
5 20 38 28 0 30 78 
5 26 45 25 7 13 78 
11 32 53 28 4 25 55 18 10 17 83 
11 24 88 33 8 19 83 
5 28 86 24 3 30 64 14 10 25 41 13 7 23 91 12 6 18 44 
5 25 99 28 6 13 44 
11 15 54 24 8 14 51 12 7 23 88 32 9 20 66 28 2 16 97 
11 17 66 29 5 31 97 
10 14 79 15 5 29 99 31 4 28 71 12 1 26 74 30 2 16 50 
10 17 45 33 4 21 50 
7 30 58 23 1 18 52 13 2 19 81 15 0 29 55 
7 20 46 14 11 19 55 
10 30 67 24 11 25 68 12 2 31 81 
10 24 68 33 5 26 81 
2 31 87 20 0 18 38 17 7 29 47 24 11 12 86 
2 14 38 19 6 23 86 
2 12 54 19 8 31 77 
2 30 51 29 11 23 77 
5 27 39 23 1 28 60 16 2 21 70 19 9 20 54 32 0 33 38 
5 31 56 12 3 30 38 
7 21 67 19 4 30 85 18 0 12 72 14 11 32 64 33 2 13 75 
7 12 47 33 11 32 75 
3 19 60 12 1 17 77 27 9 24 35 14 11 32 70 28 7 15 95 
3 18 84 24 10 32 95 
10 16 68 20 4 19 96 18 0 21 64 28 7 33 89 
10 28 66 15 7 20 89 
0 28 45 32 11 12 77 21 7 26 44 31 6 19 98 
0 22 40 18 5 14 98 
8 17 85 15 9 32 54 20 4 12 50 
8 17 53 27 9 14 50 
8 24 77 26 4 19 67 
8 21 94 19 4 27 67 
6 17 99 25 2 30 50 18 10 21 68 20 4 32 60 29 7 24 55 31 0 33 72 
6 32 55 19 8 16 72 
5 22 62 17 3 32 56 29 2 26 55 14 4 27 72 24 8 25 95 
5 30 96 17 8 14 95 
4 18 35 33 2 29 91 
4 18 62 33 1 12 91 
7 18 43 33 10 25 48 14 11 16 98 17 4 27 81 
7 20 56 28 2 24 81 
0 15 46 31 4 24 94 
0 14 58 31 1 15 94 
2 12 91 13 7 30 41 
2 24 48 21 3 17 41 
11 17 39 21 8 13 72 
11 19 50 33 10 17 72 
7 25 45 29 10 12 87 13 6 32 54 
7 18 35 29 10 30 54 
1 33 61 25 2 23 86 
1 33 67 16 3 12 86 
2 27 93 15 8 16 34 12 10 21 77 
2 29 94 28 0 18 77 
11 30 52 24 10 13 69 33 9 23 87 21 3 20 89 14 6 27 37 
11 24 50 18 9 19 37 
6 12 92 31 3 25 96 15 8 23 36 16 9 30 83 21 7 22 48 
6 14 38 28 3 26 48 
6 13 94 33 8 26 62 18 0 16 36 19 11 14 72 12 1 25 64 
6 24 40 17 0 28 64 
1 12 39 13 11 19 83 28 8 26 95 25 9 31 76 32 7 21 79 
1 15 66 13 2 21 79 
9 15 82 28 2 16 83 30 5 22 48 29 0 21 58 14 8 24 62 17 3 23 36 
9 26 89 25 8 22 36 
1 24 88 22 5 26 73 31 2 25 58 
1 23 64 22 9 14 58 
1 18 45 15 0 23 51 25 2 22 79 
1 20 40 23 10 27 79 
2 24 76 13 0 33 99 18 10 22 59 19 6 28 72 
2 14 63 17 10 12 72 
8 20 99 32 4 12 45 
8 12 83 29 1 23 45 
7 21 99 13 0 27 95 19 3 31 67 33 5 20 57 26 10 15 40 
7 32 58 30 6 18 40 
1 27 44 14 6 12 43 21 5 26 57 29 4 22 65 23 9 15 81 
1 25 41 19 3 15 81 
3 28 73 31 7 21 57 30 6 33 67 22 5 25 89 27 11 19 47 
3 29 73 27 11 13 47 
1 20 89 27 8 21 45 19 3 26 44 33 10 30 79 22 0 13 55 
1 13 52 19 3 33 55 
2 31 69 26 8 14 89 30 10 23 47 24 6 22 88 
2 12 51 26 0 25 88 
1 20 65 25 3 26 89 16 0 23 75 
1 20 93 22 10 17 75 
8 24 81 31 0 22 35 15 3 25 76 16 5 27 52 20 1 14 75 
8 19 37 26 10 25 75 
11 20 76 17 10 16 48 25 8 27 35 30 2 29 85 15 3 23 80 
11 24 65 12 2 27 80 
10 15 95 31 8 16 50 14 9 22 85 27 1 33 80 
10 24 68 14 11 18 80 
10 22 42 12 2 15 68 14 5 29 56 17 9 28 39 26 8 25 50 24 3 16 65 
10 32 72 30 7 27 65 
5 30 40 27 11 26 73 18 3 22 81 
5 19 43 15 9 16 81 
10 13 71 15 5 32 80 22 9 30 89 29 2 18 43 23 0 19 69 14 4 28 84 
10 31 49 15 11 32 84 
10 26 82 27 1 19 79 25 5 24 95 
10 26 34 24 9 23 95 
7 12 39 27 2 31 86 23 11 26 68 
7 12 93 30 6 13 68 
10 21 58 28 9 14 64 18 4 26 55 
10 17 38 23 4 18 55 
6 19 40 31 0 16 84 23 1 18 88 17 7 28 56 20 3 13 90 
6 23 91 27 8 28 90 
4 20 80 15 5 29 49 18 2 21 83 33 8 32 72 27 0 23 42 
4 18 66 16 3 27 42 
5 14 38 33 11 26 79 22 4 27 90 25 2 20 96 
5 31 80 32 3 12 96 
11 13 98 22 3 21 34 26 7 32 85 24 2 31 52 
11 13 85 31 1 12 52 
7 27 87 33 11 17 50 14 1 31 36 21 10 18 73 23 0 19 78 16 4 13 67 
7 28 57 23 9 20 67 
9 17 64 27 5 14 78 33 11 32 93 29 2 30 68 15 7 23 85 
9 14 49 32 5 26 85 
1 20 52 31 8 29 61 
1 14 45 24 3 26 61 
1 14 79 15 6 22 98 33 0 28 75 31 8 26 76 16 3 20 77 
1 20 41 24 4 16 77 
3 28 77 25 0 19 74 27 5 12 45 33 9 17 60 30 8 13 91 23 4 18 54 
3 22 74 20 1 19 54 
8 25 54 19 0 31 62 22 6 28 86 33 2 17 37 
8 27 63 31 1 20 37 
0 15 64 29 5 12 41 
0 30 68 28 2 14 41 
4 12 44 33 7 28 79 32 1 13 36 20 9 15 91 
4 20 90 21 11 33 91 
1 29 48 19 9 31 43 16 0 12 77 33 4 26 60 32 6 13 99 
1 28 77 22 4 23 99 
0 30 50 23 3 17 92 18 5 28 83 14 10 31 81 
0 32 43 24 10 20 81 
10 30 93 31 7 22 63 21 5 20 55 
10 29 65 13 8 27 55 
11 29 48 26 7 27 61 32 6 23 60 16 4 28 43 33 3 18 86 24 1 17 70 
11 31 63 12 5 22 70 
11 16 82 15 7 28 95 32 5 12 51 
11 24 82 12 2 26 51 
1 25 38 31 9 16 98 28 4 21 74 20 2 19 47 
1 28 48 17 3 29 47 
1 23 85 29 8 32 71 22 9 20 42 21 11 25 41 28 0 15 40 26 10 33 77 
1 17 34 22 11 13 77 
0 21 50 20 4 12 40 
0 30 58 33 8 19 40 
0 18 90 30 7 25 65 
0 25 80 32 1 14 65 
8 25 68 32 9 14 91 21 3 15 50 
8 22 98 21 3 27 50 
5 25 42 21 7 28 96 22 8 13 76 33 1 14 69 29 0 27 61 
5 29 80 19 8 33 61 
11 22 44 28 9 25 75 30 3 18 55 33 10 32 93 29 5 12 71 14 6 16 70 
11 20 97 33 4 15 70 
5 27 93 14 9 33 58 26 6 15 98 23 11 31 76 32 10 12 47 29 0 22 65 
5 28 45 25 6 22 65 
5 19 58 17 3 21 68 27 1 15 34 24 0 33 42 12 9 16 74 13 7 22 61 
5 20 96 28 7 26 61 
7 30 99 16 2 12 90 22 11 32 42 
7 12 85 22 9 27 42 
6 30 48 18 2 31 49 20 4 33 59 29 8 13 37 23 9 26 64 
6 29 78 25 4 31 64 
11 23 90 14 4 19 54 
11 19 47 24 9 33 54 
0 33 74 15 7 13 48 18 2 32 62 27 9 12 37 22 6 14 34 
0 29 78 28 10 12 34 
7 31 40 18 2 24 98 13 9 12 47 
7 22 40 26 3 28 47 
10 12 78 29 2 28 84 23 7 21 52 26 8 33 48 30 9 32 89 16 3 19 69 
10 16 52 28 2 25 69 
7 15 67 29 4 18 41 17 3 25 49 14 0 13 72 
7 29 71 17 3 24 72 
2 27 98 22 5 14 82 28 7 13 64 
2 17 86 32 7 15 64 
9 21 49 15 4 22 86 
9 31 50 25 3 19 86 
6 29 41 13 3 23 40 22 8 31 46 28 11 20 80 16 4 24 56 26 2 27 58 
6 12 39 13 8 28 58 
10 19 59 24 1 13 49 29 4 32 46 26 3 33 52 25 11 15 97 30 7 21 95 
10 24 73 20 6 23 95 
3 18 56 32 10 16 35 
3 20 62 30 9 14 35 
5 16 83 29 6 20 51 31 4 17 72 18 11 28 55 23 7 22 41 14 0 12 49 
5 33 99 21 0 27 49 
5 16 76 31 9 12 75 15 4 26 57 30 11 23 63 
5 17 82 29 7 25 63 
4 20 75 18 10 13 84 
4 28 71 21 10 12 84 
4 25 89 20 10 21 81 15 6 17 90 16 3 19 54 12 0 30 86 24 9 22 88 
4 18 45 22 10 20 88 
7 25 97 16 2 15 72 30 5 28 76 17 11 19 66 
7 15 84 24 5 14 66 
7 33 87 14 1 27 72 
7 29 39 13 5 19 72 
2 23 63 12 0 33 51 22 4 29 66 13 3 25 76 15 8 21 42 14 10 30 93 
2 23 67 18 6 17 93 
11 30 51 27 4 24 74 17 1 31 41 33 10 32 42 28 7 21 67 
11 24 89 30 6 17 67 
6 14 99 24 11 18 58 15 3 25 37 21 0 30 68 
6 20 73 13 0 32 68 
11 30 48 32 8 12 95 
11 21 57 14 1 16 95 
0 20 62 24 2 19 93 
0 25 73 28 10 21 93 
7 21 67 12 3 30 76 28 4 17 55 31 11 26 77 18 9 16 71 23 10 20 78 
7 18 84 30 6 23 78 
9 23 39 19 4 12 51 18 0 28 45 26 3 22 87 
9 18 85 21 10 13 87 
5 32 92 27 11 30 47 
5 29 93 21 10 30 47 
9 18 67 20 10 17 81 14 5 29 54 22 3 27 61 
9 33 91 16 5 24 61 
4 27 50 18 0 30 54 
4 12 61 21 0 23 54 
7 32 34 23 1 26 67 
7 22 66 27 0 15 67 
0 29 53 23 10 24 86 28 4 20 41 15 8 12 43 17 9 18 35 33 1 27 84 
0 13 64 20 5 27 84 
3 29 88 14 4 15 94 
3 14 39 13 9 30 94 
4 24 72 21 9 26 92 
4 18 66 26 5 21 92 
3 12 43 32 2 18 55 24 1 27 96 33 7 15 41 22 5 28 91 25 6 31 68 
3 25 40 17 11 32 68 
2 28 58 21 0 24 90 14 3 19 35 31 11 27 49 
2 23 72 29 0 32 49 
7 13 95 33 10 31 50 26 0 15 38 32 6 17 43 28 3 14 71 24 8 30 90 
7 30 87 32 1 27 90 
8 30 76 19 9 22 59 
8 26 58 18 10 33 59 
7 15 44 24 8 16 95 13 0 31 41 18 6 29 64 
7 33 61 15 9 22 64 
1 23 44 18 2 20 80 24 5 28 37 14 10 16 58 32 8 25 50 
1 13 80 17 4 20 50 
2 17 88 29 10 19 80 23 4 21 75 18 5 15 38 12 1 22 49 32 0 28 77 
2 13 82 22 9 24 77 
5 30 84 17 7 27 89 21 9 23 82 12 10 20 94 25 1 19 99 
5 15 53 19 11 29 99 
5 30 74 16 6 13 80 20 0 27 53 12 9 33 84 21 4 32 35 31 7 14 41 
5 16 42 33 3 31 41 
5 21 65 16 2 28 98 
5 20 97 31 8 22 98 
10 29 34 23 8 27 38 
10 30 98 26 6 29 38 
11 32 88 21 7 19 43 14 3 28 66 20 9 24 49 13 10 12 64 17 6 18 68 
11 18 34 29 3 23 68 
3 31 52 30 6 27 56 29 2 17 45 26 8 16 37 
3 21 84 18 9 13 37 
8 31 61 15 2 23 80 29 7 17 85 28 10 16 84 
8 26 81 14 5 31 84 
4 25 89 33 3 27 71 20 8 26 81 
4 22 80 31 1 15 81 
0 22 34 27 9 15 55 16 5 25 63 
0 28 59 15 10 20 63 
2 19 54 27 5 30 63 13 11 24 87 16 4 29 94 20 9 33 35 
2 17 57 22 10 24 35 
5 25 51 31 10 21 67 
5 25 38 18 11 32 67 
11 19 76 17 3 23 36 
11 22 72 17 2 14 36 
11 24 37 19 2 27 96 20 10 29 41 12 4 18 73 
11 27 76 17 1 25 73 
5 21 38 22 2 33 40 29 7 30 74 20 4 27 69 14 11 19 44 
5 17 91 22 7 14 44 
10 31 78 17 2 16 55 22 8 33 93 20 4 26 90 
10 21 60 33 9 28 90 
6 13 63 19 0 21 99 30 10 20 88 17 11 31 43 26 9 18 34 24 5 15 93 
6 12 57 17 0 24 93 
2 27 67 26 1 14 87 19 9 21 40 30 4 31 89 
2 27 96 23 0 20 89 
10 27 94 17 2 24 79 31 11 26 66 22 1 18 85 19 9 30 92 25 4 21 53 
10 17 90 14 2 25 53 
5 13 46 28 4 17 71 33 6 27 82 12 10 29 62 14 8 25 42 
5 30 90 17 6 21 42 
7 32 55 22 11 20 67 19 5 31 95 33 10 24 51 13 6 17 49 27 3 29 39 
7 27 60 23 11 26 39 
11 19 72 16 8 20 89 15 6 27 99 23 5 18 35 22 3 14 55 
11 31 98 27 10 26 55 
0 22 56 29 8 28 65 14 5 33 78 12 4 27 42 
0 27 89 21 1 20 42 
10 33 57 27 4 14 41 
10 15 78 26 6 17 41 
2 32 52 18 9 30 98 
2 30 60 19 1 25 98 
4 12 85 14 0 19 90 21 9 18 89 15 8 33 40 27 1 20 68 16 7 26 47 
4 21 43 26 1 23 47 
3 26 74 15 9 28 93 16 5 22 57 32 0 25 65 21 2 14 67 
3 25 95 30 8 27 67 
2 30 69 22 9 18 55 28 5 12 77 17 10 19 51 16 6 27 56 
2 20 99 13 0 17 56 
2 28 44 24 0 21 74 16 1 23 73 26 7 22 92 30 3 12 71 32 8 27 72 
2 29 59 28 10 25 72 
5 12 40 26 8 19 82 15 2 32 58 
5 12 52 17 10 27 58 
5 21 77 24 10 22 49 33 0 25 40 32 3 20 95 12 2 16 73 
5 32 95 29 1 24 73 
8 27 43 26 1 15 40 12 7 20 93 25 4 22 88 18 0 19 75 
8 15 78 12 4 25 75 
6 16 95 12 11 27 99 15 7 25 79 
6 17 38 31 4 19 79 
7 17 39 31 11 14 83 16 5 15 41 25 2 13 93 20 1 32 75 
7 26 78 15 2 13 75 
3 22 56 16 2 23 78 
3 27 77 31 7 29 78 
6 31 88 15 7 32 54 
6 12 98 18 10 27 54 
11 17 47 12 2 13 42 19 9 23 50 
11 33 84 32 1 13 50 
7 20 38 25 4 21 88 
7 22 89 16 0 33 88 
3 25 80 30 11 18 42 13 9 26 81 12 5 19 77 15 6 16 72 20 4 33 92 
3 26 98 13 7 29 92 
2 23 69 30 9 16 75 15 10 31 98 24 4 27 76 28 11 21 85 
2 16 79 31 11 33 85 
0 16 62 23 7 22 99 21 2 28 88 32 6 13 93 12 9 20 86 27 5 29 45 
0 29 85 13 11 16 45 
9 14 74 30 5 13 87 
9 31 55 12 2 21 87 
9 13 54 31 5 15 79 26 10 17 42 
9 31 59 13 4 15 42 
3 19 99 33 11 25 76 
3 33 95 16 4 13 76 
5 32 74 22 0 24 68 23 1 26 56 16 11 30 43 20 6 25 77 
5 15 96 21 2 28 77 
1 23 84 28 4 15 46 16 3 14 99 29 11 20 47 32 6 18 98 
1 23 94 26 8 33 98 
1 31 52 28 3 20 75 
1 26 70 19 6 31 75 
10 24 77 30 6 14 59 23 2 22 69 
10 13 37 21 11 24 69 
4 21 82 23 8 15 78 28 9 32 74 18 3 29 68 
4 14 44 21 6 29 68 
7 33 51 15 0 31 85 13 2 19 58 14 9 26 34 
7 29 38 25 6 13 34 
0 24 37 28 10 32 55 20 3 15 75 25 11 33 42 23 5 19 83 
0 16 75 13 6 29 83 
7 12 38 24 4 25 87 16 0 29 75 26 5 13 41 14 10 30 95 
7 17 56 18 3 13 95 
9 24 71 30 10 16 81 19 2 28 43 13 3 33 38 20 5 14 61 17 8 15 75 
9 33 54 26 3 25 75 
4 15 93 26 10 12 39 28 5 31 42 30 0 16 69 29 2 14 68 25 11 33 62 
4 30 36 31 1 21 62 
7 30 91 24 5 29 88 22 3 19 63 16 6 32 59 13 1 21 62 15 11 28 35 
7 19 78 14 8 13 35 
11 22 53 29 0 13 52 
11 13 37 12 10 19 52 
11 33 51 20 10 24 91 31 7 16 98 12 3 29 89 21 9 13 34 28 1 15 35 
11 15 59 18 2 30 35 
4 31 66 27 2 21 55 17 0 13 73 
4 30 65 31 7 29 73 
1 33 66 24 0 19 36 31 5 29 85 
1 29 86 13 6 16 85 
6 18 98 32 9 31 74 29 11 33 64 23 7 17 66 26 3 19 89 22 2 12 88 
6 21 78 26 11 25 88 
5 22 58 33 0 14 99 15 7 24 41 13 4 31 69 30 3 18 71 29 10 27 84 
5 27 88 31 2 20 84 
11 14 67 30 3 21 95 18 7 15 84 29 4 20 98 
11 33 91 21 7 24 98 
4 21 73 25 1 20 85 
4 30 99 12 1 31 85 
4 32 89 24 6 33 96 
4 32 42 19 6 16 96 
2 17 89 16 5 25 64 
2 23 58 19 10 22 64 
0 24 66 18 4 31 58 26 11 21 76 27 3 17 91 23 10 14 92 
0 15 55 27 8 14 92 
7 20 85 33 2 15 86 16 1 24 39 14 3 13 65 
7 24 90 30 4 28 65 
2 28 49 19 5 13 89 18 7 14 36 
2 17 76 27 3 14 36 
2 17 81 32 3 21 77 
2 16 54 14 3 12 77 
10 28 51 31 0 14 59 18 3 19 99 
10 19 58 18 9 29 99 
10 13 73 22 0 25 82 21 7 15 58 24 1 17 78 27 9 20 52 16 5 28 99 
10 14 66 16 7 31 99 
8 30 53 25 4 26 83 16 5 32 34 18 3 19 41 17 0 21 46 27 2 29 71 
8 29 48 15 0 20 71 
7 31 36 21 2 22 99 25 5 24 96 19 0 23 55 33 3 12 42 
7 33 88 19 6 27 42 
5 15 72 19 7 12 89 
5 18 88 29 10 15 89 
6 32 44 33 0 31 98 19 8 26 95 
6 31 67 30 11 23 95 
11 25 34 13 2 19 64 32 7 12 81 
11 12 68 15 6 23 81 
7 18 81 17 8 29 74 15 3 33 99 
7 16 49 18 11 30 99 
7 27 75 12 6 33 98 28 1 23 44 25 5 18 42 
7 18 56 19 11 21 42 
6 16 41 14 5 13 86 
6 31 82 13 7 26 86 
8 26 87 21 1 25 88 
8 27 58 18 11 17 88 
1 31 88 32 8 14 53 
1 26 51 17 11 15 53 
5 20 84 16 9 29 50 28 1 27 59 32 10 25 87 26 4 21 52 
5 25 70 23 8 18 52 
7 21 36 20 11 29 37 
7 19 81 14 11 13 37 
6 31 55 17 8 28 53 33 7 20 41 21 4 15 81 
6 23 38 16 2 32 81 
5 30 45 22 11 28 39 23 10 20 59 32 0 15 73 17 2 12 35 24 8 29 52 
5 16 59 25 3 33 52 
6 31 84 21 8 24 61 17 11 13 63 12 0 25 59 
6 25 65 31 11 32 59 
7 19 38 15 10 23 94 12 1 31 85 29 2 20 49 24 8 33 34 27 5 14 54 
7 33 71 28 4 14 54 
7 15 62 28 5 30 87 29 10 27 48 25 2 18 77 32 1 23 70 
7 17 39 18 3 29 70 
1 21 53 23 2 20 73 
1 29 55 17 0 18 73 
7 18 41 21 4 30 38 24 5 12 59 23 2 28 45 16 3 14 35 
7 13 80 31 10 28 35 
1 26 57 31 11 22 91 25 5 20 48 23 0 30 66 16 2 33 35 
1 23 84 13 0 30 35 
8 27 73 12 11 25 99 19 6 22 39 20 1 18 64 15 2 14 67 28 5 30 86 
8 30 60 25 7 32 86 
2 15 97 12 8 22 67 
2 32 64 14 9 21 67 
6 13 38 12 7 28 97 17 2 14 81 22 1 31 34 
6 26 97 30 3 31 34 
6 25 38 15 9 30 34 27 8 29 41 32 3 23 45 
6 22 46 19 5 23 45 
2 15 66 13 8 17 74 26 11 16 44 22 5 30 51 
2 12 64 28 0 24 51 
10 25 66 32 3 18 72 17 4 28 90 
10 16 53 28 4 29 90 
8 15 98 32 5 20 76 28 2 22 64 
8 22 88 21 9 25 64 
1 22 94 24 5 20 41 33 7 32 75 30 10 31 58 18 4 21 61 19 11 13 47 
1 33 56 17 5 15 47 
3 20 92 22 0 18 37 15 4 24 83 17 1 14 84 13 11 12 45 
3 20 54 13 0 24 45 
6 32 98 18 3 16 47 21 2 33 53 24 9 28 62 13 10 20 79 
6 22 63 33 0 27 79 
8 31 92 16 10 21 47 
8 22 46 13 9 31 47 
4 33 41 29 0 13 89 19 3 24 51 18 8 16 71 15 1 12 70 21 9 20 78 
4 16 74 20 1 12 78 
9 25 38 13 10 22 41 
9 18 92 20 3 17 41 
8 19 54 17 6 12 91 15 10 21 49 31 2 22 87 27 11 16 97 
8 18 55 22 9 21 97 
4 12 52 26 11 30 82 
4 26 45 24 1 31 82 
10 12 52 27 6 29 63 33 4 24 79 28 5 21 92 18 8 17 60 
10 18 55 15 7 21 60 
7 26 36 29 6 21 86 27 11 17 74 
7 15 48 18 1 16 74 
0 28 68 13 2 17 71 15 3 16 79 
0 13 92 25 11 27 79 
0 21 57 26 2 24 36 30 1 23 98 
0 26 53 21 9 13 98 
9 27 78 29 6 22 76 18 11 26 89 
9 12 94 18 10 33 89 
0 12 67 33 3 32 66 28 9 24 42 13 4 14 44 27 8 26 54 
0 22 44 32 10 17 54 
6 20 90 22 0 12 98 33 3 18 34 25 1 23 80 
6 24 75 20 5 14 80 
1 33 80 20 7 30 81 
1 16 39 28 4 25 81 
1 31 58 24 3 25 47 19 9 16 34 33 8 29 85 22 11 15 72 28 0 32 37 
1 15 51 33 4 27 37 
9 14 94 29 3 23 68 31 8 25 92 17 5 30 67 24 6 22 90 
9 28 35 33 5 19 90 
4 13 50 26 0 28 71 25 1 18 95 
4 21 41 20 3 33 95 
8 26 34 14 10 15 56 17 0 33 89 
8 21 56 25 0 13 89 
11 17 52 24 7 29 41 25 8 18 84 
11 18 41 25 7 13 84 
0 21 79 23 4 16 94 26 10 27 39 29 3 12 91 
0 19 58 30 10 14 91 
1 26 65 16 2 29 94 33 4 23 61 27 9 32 77 31 3 19 43 
1 32 72 17 11 18 43 
1 28 95 15 3 31 91 24 2 12 55 27 10 32 80 30 7 16 98 29 6 14 49 
1 31 65 13 11 20 49 
2 12 64 15 9 28 34 21 4 20 95 
2 26 43 30 9 12 95 
7 12 38 19 11 21 91 31 5 30 54 13 2 32 60 
7 16 62 33 9 17 60 
6 23 53 32 2 29 55 28 1 26 35 
6 30 85 21 3 22 35 
8 33 96 30 11 26 38 23 7 25 88 32 4 20 66 
8 20 90 15 1 19 66 
10 22 50 31 0 32 37 13 11 26 57 
10 29 76 30 3 17 57 
8 32 69 12 3 18 53 26 10 30 40 27 4 29 94 
8 31 61 14 10 22 94 
10 21 92 33 3 20 95 
10 14 53 15 5 30 95 
7 25 81 27 10 16 42 
7 33 89 23 10 20 42 
6 19 69 31 2 17 47 16 11 22 40 26 7 24 81 32 5 28 54 
6 22 39 19 3 17 54 
10 28 85 17 1 23 80 22 5 18 51 16 9 29 87 
10 22 89 28 2 16 87 
8 26 79 15 11 17 58 22 3 23 38 16 4 28 75 
8 33 87 30 10 25 75 
5 12 65 25 1 15 89 24 0 26 90 28 9 20 93 23 4 17 62 31 2 33 44 
5 18 45 28 2 22 44 
9 22 98 29 1 24 80 13 3 25 77 
9 24 80 21 1 13 77 
6 30 60 26 9 13 48 16 0 20 61 
6 30 66 25 9 24 61 
5 19 43 31 2 13 73 14 6 25 63 
5 22 85 21 3 25 63 
5 24 57 32 1 31 83 17 4 20 69 29 10 21 94 14 9 19 71 
5 13 99 28 10 19 71 
2 33 37 32 11 16 38 29 6 24 49 23 3 30 65 21 5 25 96 13 1 27 82 
2 19 95 16 1 21 82 
11 18 88 25 0 32 72 26 3 24 69 23 6 15 71 21 9 17 43 
11 28 45 18 4 32 43 
1 31 59 28 11 17 66 22 3 32 41 
1 28 55 21 9 24 41 
5 17 92 21 0 12 41 15 1 24 76 
5 21 74 30 9 25 76 
9 26 64 22 4 31 52 
9 12 90 28 4 14 52 
0 15 54 19 11 18 85 25 9 21 68 20 3 17 74 24 4 23 70 32 6 29 97 
0 27 37 31 8 12 97 
6 31 75 22 8 17 89 27 10 19 47 21 1 25 76 12 9 16 82 
6 21 84 25 10 33 82 
9 23 44 31 8 14 42 19 0 15 85 26 4 13 53 
9 33 84 15 10 22 53 
2 12 53 16 11 31 63 
2 27 49 17 8 16 63 
5 33 59 28 4 26 62 
5 29 76 23 9 25 62 
9 28 38 31 0 30 98 
9 15 46 23 1 13 98 
7 20 54 21 10 24 97 32 9 33 38 27 2 22 61 12 8 23 56 16 1 26 96 
7 14 76 23 1 16 96 
4 16 42 26 1 24 78 27 3 12 74 
4 24 88 27 10 17 74 
4 13 94 24 6 20 80 27 5 21 98 28 10 26 44 22 0 16 43 30 8 15 62 
4 13 60 18 6 23 62 
0 16 50 25 3 30 93 22 8 31 70 17 10 15 92 33 9 27 46 
0 20 71 28 4 17 46 
4 31 60 30 8 23 48 
4 20 49 33 6 14 48 
4 29 35 28 2 14 34 27 1 15 39 33 7 19 66 
4 30 50 18 3 25 66 
5 13 98 17 0 19 68 15 8 29 52 
5 23 67 27 8 13 52 
11 25 68 18 3 12 43 30 10 28 87 24 0 16 52 32 6 14 86 
11 25 42 28 0 24 86 
1 29 59 13 6 30 89 
1 12 88 15 2 20 89 
6 31 51 23 2 14 98 26 9 32 43 12 7 30 97 28 4 15 95 
6 31 36 16 9 32 95 
5 30 86 20 6 15 35 25 7 23 65 26 4 22 72 33 1 18 45 14 11 12 59 
5 20 95 24 1 33 59 
5 32 41 16 10 31 99 
5 12 43 24 10 32 99 
1 27 70 22 2 20 76 19 4 33 71 18 0 32 50 30 11 25 69 
1 31 72 32 11 20 69 
4 27 57 25 8 22 50 29 2 21 55 
4 14 69 16 6 27 55 
3 28 70 20 9 24 38 22 8 23 40 
3 19 78 20 10 17 40 
4 20 40 33 0 29 49 25 2 15 52 18 5 31 43 
4 23 41 31 7 29 43 
1 24 75 33 7 13 57 
1 30 65 16 9 21 57 
1 23 34 24 7 17 43 
1 20 99 19 6 29 43 
2 17 64 12 1 20 43 15 7 29 79 16 4 14 71 
2 32 90 14 5 27 71 
4 14 79 13 9 19 34 33 10 18 43 26 3 12 74 24 0 30 87 
4 20 52 28 11 32 87 
5 25 52 31 8 22 84 14 7 26 47 23 1 12 69 13 11 30 44 29 2 21 99 
5 23 91 21 8 27 99 
9 15 55 20 8 28 76 31 2 14 51 
9 20 84 23 0 31 51 
2 20 49 31 9 23 55 28 8 16 84 
2 26 64 16 6 32 84 
9 15 46 31 8 25 48 
9 23 98 24 10 21 48 
11 21 94 22 0 13 71 29 6 19 55 32 5 27 43 20 1 28 98 
11 12 97 20 10 27 98 
1 14 69 30 11 28 97 20 6 23 58 12 0 19 90 21 9 16 92 
1 27 37 24 6 12 92 
2 18 65 28 6 27 78 21 3 32 43 12 8 33 48 
2 13 58 24 11 17 48 
0 29 88 22 5 33 50 31 11 14 59 13 2 19 74 23 8 24 46 21 7 18 61 
0 18 95 22 7 17 61 
8 27 82 21 1 33 92 29 7 19 39 
8 33 98 12 4 19 39 
1 31 64 14 2 24 85 26 10 28 83 
1 22 65 23 7 20 83 
7 12 79 17 3 16 69 26 6 14 66 32 4 20 65 15 1 21 98 
7 16 46 29 10 27 98 
9 28 81 15 0 21 44 23 2 29 40 
9 28 92 18 3 31 40 
4 21 75 23 0 32 42 
4 12 97 27 8 16 42 
3 12 80 27 5 19 50 
3 15 79 20 1 19 50 
3 30 56 16 9 27 98 21 10 19 49 32 7 33 63 29 5 15 77 
3 33 92 29 8 17 77 
2 17 95 30 1 22 52 
2 23 64 25 6 17 52 
4 18 89 26 9 20 65 
4 18 63 28 2 26 65 
8 18 51 33 6 27 64 13 10 12 84 
8 20 51 24 11 18 84 
9 19 80 12 1 25 58 
9 23 96 17 11 32 58 
7 16 51 22 5 31 75 25 1 14 34 17 8 26 86 13 2 28 43 20 11 32 74 
7 18 78 29 1 15 74 
3 20 78 31 11 25 99 19 6 14 53 
3 14 87 22 1 18 53 
3 19 72 25 9 21 39 16 1 13 92 27 4 22 55 17 5 32 50 
3 19 83 31 4 20 50 
8 18 93 32 6 33 83 25 5 21 34 
8 33 85 31 9 18 34 
3 33 71 29 7 28 35 31 2 23 73 
3 26 42 27 8 17 73 
5 32 46 33 8 16 85 26 11 29 45 
5 25 64 19 1 15 45 
8 19 45 28 5 24 95 25 1 30 83 32 10 26 86 27 6 18 72 
8 31 89 15 10 21 72 
9 31 73 30 4 12 84 21 1 23 80 
9 33 43 15 5 17 80 
7 31 82 24 2 19 67 14 9 30 97 23 8 17 86 
7 26 45 13 1 30 86 
8 32 95 33 3 27 94 23 4 18 97 29 7 25 47 17 2 20 43 14 0 13 80 
8 21 41 14 6 25 80 
4 22 68 31 10 27 77 16 5 12 87 15 11 18 65 24 7 25 79 20 3 33 34 
4 31 94 15 11 27 34 
5 25 61 12 10 22 94 18 8 17 36 23 1 20 47 26 2 16 70 
5 22 90 18 10 15 70 
9 20 86 31 6 14 78 19 8 32 52 17 0 25 89 29 1 28 75 22 3 15 53 
9 19 68 26 0 12 53 
7 16 64 13 6 27 44 
7 31 80 30 11 32 44 
8 29 75 23 4 33 55 14 3 25 52 16 2 20 66 
8 32 57 23 6 26 66 
3 13 88 14 5 18 61 19 8 15 73 
3 26 70 18 9 29 73 
2 16 58 15 5 13 49 31 4 29 54 14 1 26 88 20 6 30 42 12 0 25 84 
2 31 90 17 10 29 84 
1 32 46 29 7 17 96 22 6 23 68 24 2 33 45 21 9 28 57 27 3 30 88 
1 21 52 22 8 12 88 
9 33 61 29 7 30 83 
9 20 91 28 5 17 83 
1 27 37 21 0 24 98 19 2 12 47 30 5 17 39 28 10 13 50 
1 23 85 24 9 19 50 
10 17 44 22 0 16 86 
10 18 40 29 2 25 86 
4 28 35 30 11 21 98 19 8 20 40 12 0 16 55 26 5 22 70 29 1 31 63 
4 28 41 21 2 25 63 
10 25 85 17 8 31 84 27 11 15 35 22 9 24 38 33 4 30 82 
10 26 42 20 7 21 82 
9 30 62 19 6 18 66 
9 25 59 23 0 29 66 
4 32 79 21 2 15 77 24 1 13 52 19 5 20 39 
4 16 80 32 0 27 39 
4 16 43 25 8 29 82 27 11 32 52 28 2 21 55 22 0 13 46 
4 16 48 25 11 18 46 
10 12 40 20 1 27 97 14 7 24 46 29 6 13 92 
10 29 98 30 11 25 92 
7 21 43 27 11 25 46 31 2 22 57 28 8 26 77 12 4 19 41 13 5 15 47 
7 28 41 14 0 15 47 
10 19 39 16 1 15 48 21 7 18 86 32 6 30 75 23 2 28 84 26 3 31 63 
10 17 74 31 0 26 63 
3 16 82 12 2 31 69 33 10 15 86 22 11 17 79 
3 17 60 13 11 19 79 
6 24 39 23 11 16 64 17 10 13 79 29 2 32 48 31 0 21 56 
6 26 37 24 10 28 56 
8 16 40 28 11 20 69 17 2 24 53 18 0 31 34 
8 24 78 19 7 30 34 
7 16 92 17 11 24 48 23 1 15 91 26 0 30 89 
7 13 75 21 11 31 89 
10 23 40 31 8 26 92 27 9 19 41 33 7 28 67 20 3 24 76 14 2 15 39 
10 13 87 14 8 31 39 
5 22 37 14 7 23 76 17 11 19 39 
5 19 89 17 7 15 39 
3 25 73 28 7 15 43 
3 20 47 24 1 12 43 
11 29 90 27 6 12 70 
11 18 73 24 0 13 70 
5 14 80 22 2 30 45 
5 23 79 24 4 15 45 
1 24 80 27 7 19 83 21 8 17 95 33 4 28 34 20 9 32 73 12 10 25 99 
1 20 67 14 0 25 99 
11 26 62 18 8 21 92 30 0 31 73 20 5 17 61 12 3 33 39 29 1 25 35 
11 23 62 14 3 29 35 
4 27 44 22 6 23 65 28 8 12 36 18 5 17 99 32 7 14 50 33 10 26 69 
4 25 89 18 5 22 69 
10 17 71 33 3 28 36 13 5 24 85 16 8 21 88 29 0 22 50 
10 12 95 20 0 21 50 
10 25 44 32 1 12 37 14 6 13 65 23 3 21 67 
10 14 78 21 4 27 67 
10 13 42 17 8 29 97 
10 23 78 17 5 19 97 
1 20 51 12 10 33 85 
1 31 72 21 7 17 85 
1 27 90 25 9 18 69 32 4 21 49 
1 21 41 27 9 20 49 
11 15 51 24 2 27 37 30 6 26 98 32 9 17 38 14 0 12 80 
11 29 83 12 2 26 80 
1 33 72 28 8 12 50 13 6 32 46 29 11 14 92 22 4 30 76 19 9 17 43 
1 27 88 20 0 17 43 
9 21 68 27 4 19 87 
9 31 83 23 7 22 87 
5 33 60 26 8 17 94 21 1 24 44 22 3 18 45 16 0 19 50 12 7 20 85 
5 30 63 31 6 33 85 
6 24 70 28 0 17 55 
6 27 54 31 2 18 55 
7 15 76 22 11 31 60 23 1 27 54 29 5 24 95 25 4 26 67 12 3 14 53 
7 23 95 20 3 16 53 
10 21 65 32 1 14 66 26 6 28 82 30 8 24 55 
10 14 86 16 9 23 55 
10 16 83 14 9 27 93 17 3 13 35 31 8 19 98 21 7 23 81 
10 15 56 13 3 21 81 
7 17 52 12 10 27 88 
7 12 57 18 6 31 88 
11 29 95 16 9 30 98 23 5 21 93 
11 29 66 16 7 31 93 
4 24 80 29 9 18 93 30 6 28 62 13 5 16 72 17 0 12 52 27 1 22 77 
4 12 72 33 3 31 77 
8 23 75 12 2 31 79 33 3 18 99 
8 25 79 23 6 17 99 
5 25 59 13 1 14 96 27 9 24 99 
5 26 60 21 4 13 99 
3 23 74 13 8 17 69 24 2 33 50 
3 24 35 13 7 28 50 
1 19 63 29 4 16 87 25 8 22 70 30 11 24 56 32 7 14 75 
1 13 85 24 4 16 75 
2 18 73 23 11 21 85 32 6 13 40 15 10 17 90 31 8 14 82 27 0 24 62 
2 13 57 21 3 14 62 
0 24 69 29 1 26 53 28 10 16 44 19 3 18 51 
0 23 90 24 2 19 51 
10 18 61 24 11 17 91 14 9 25 57 30 8 23 59 21 2 31 75 
10 17 83 33 5 14 75 
7 21 85 26 5 16 71 
7 33 40 32 0 15 71 
2 26 75 30 6 23 91 
2 20 99 26 8 29 91 
3 33 42 19 4 21 75 31 9 16 84 32 1 25 39 
3 26 54 29 9 27 39 
11 13 80 15 1 30 75 25 3 14 50 20 7 19 86 
11 20 77 27 10 31 86 
4 24 71 17 5 28 66 14 9 19 54 33 0 20 80 16 10 31 89 
4 23 48 18 0 21 89 
2 13 67 27 1 12 51 30 7 32 36 14 9 31 44 29 5 23 64 18 8 33 80 
2 16 91 30 1 20 80 
0 15 61 14 7 30 52 28 11 33 90 32 3 12 40 
0 16 93 20 9 13 40 
3 18 59 24 9 15 98 31 0 22 94 20 5 32 82 13 11 28 91 29 6 14 62 
3 24 64 20 4 15 62 
8 12 94 26 0 24 54 
8 27 93 17 6 26 54 
5 30 73 24 4 12 59 14 1 19 52 18 9 32 66 
5 32 54 13 3 16 66 
8 24 68 15 11 20 87 
8 21 50 18 10 32 87 
2 21 96 33 5 16 90 14 8 18 55 27 3 24 70 13 4 15 84 
2 16 68 20 9 24 84 
1 31 81 20 4 18 45 
1 14 60 13 11 23 45 
1 30 73 25 8 31 40 12 6 22 67 14 11 16 41 
1 13 89 14 9 27 41 
11 16 43 20 5 33 75 22 8 19 38 
11 30 96 25 5 16 38 
6 13 59 16 0 23 65 21 11 25 81 18 4 32 71 29 10 14 74 
6 32 52 29 10 21 74 
10 33 72 26 0 16 34 31 9 29 45 
10 15 47 24 7 23 45 
4 13 91 25 7 31 81 
4 31 42 26 3 22 81 
5 25 55 23 6 32 41 14 4 27 64 20 1 30 57 18 11 28 99 17 9 29 91 
5 18 70 17 8 26 91 
7 33 79 12 0 16 84 19 11 14 64 17 9 25 78 
7 22 48 29 11 31 78 
2 22 64 20 3 15 44 
2 19 83 15 6 16 44 
11 19 41 22 4 23 73 28 8 17 76 31 3 14 77 
11 29 72 13 7 30 77 
1 21 69 31 2 18 75 33 10 16 49 20 0 27 84 
1 13 88 17 2 14 84 
11 17 97 28 4 21 59 23 0 18 61 
11 26 51 23 2 29 61 
5 27 35 26 2 23 48 22 9 17 89 32 7 28 47 30 3 14 66 12 1 24 99 
5 12 75 22 10 25 99 
3 33 52 17 7 32 79 23 1 30 62 26 6 18 71 14 8 29 76 
3 27 98 30 10 19 76 
0 18 43 13 3 27 83 28 8 31 54 
0 25 97 17 7 13 54 
0 18 87 12 2 32 69 21 8 27 84 22 6 19 38 20 9 24 89 15 4 31 37 
0 16 69 13 9 19 37 
8 14 50 28 6 13 58 30 11 18 77 26 1 25 59 21 9 16 35 
8 31 89 28 11 21 35 
0 19 92 31 11 17 75 20 6 29 88 
0 13 82 28 11 19 88 
10 19 54 25 5 29 82 17 4 12 47 16 8 13 42 15 3 20 71 32 0 33 51 
10 26 89 27 1 19 51 
4 25 94 33 11 29 45 
4 18 66 17 3 25 45 
5 30 62 15 9 20 94 
5 30 45 23 11 13 94 
4 13 85 15 9 31 50 26 5 24 65 12 8 16 81 14 7 21 45 22 6 18 39 
4 30 95 23 5 28 39 
4 24 75 25 8 14 91 
4 13 39 12 10 15 91 
9 28 84 16 10 19 65 15 4 17 74 25 1 27 89 14 2 31 63 
9 26 74 20 11 24 63 
11 28 36 33 0 19 72 13 3 17 95 31 2 26 70 18 4 23 66 
11 17 42 27 2 26 66 
1 17 99 22 4 28 57 15 11 31 70 18 8 33 77 
1 33 91 20 5 24 77 
1 20 98 27 8 29 95 22 3 19 67 30 0 24 39 15 11 32 61 
1 14 84 15 8 20 61 
3 32 99 15 6 20 74 31 11 21 65 
3 17 84 33 6 29 65 
5 12 98 30 7 31 94 13 9 20 61 
5 27 71 21 2 24 61 
6 19 59 29 1 21 70 
6 24 79 17 11 27 70 
5 32 72 16 4 30 82 
5 29 34 22 11 12 82 
8 28 44 29 2 22 66 31 11 20 34 18 1 19 78 
8 27 48 33 2 20 78 
2 27 76 14 11 28 85 24 7 23 94 18 1 32 71 19 0 20 78 16 6 12 72 
2 12 88 23 5 29 72 
10 21 34 28 8 32 51 29 7 26 41 12 5 31 66 
10 25 42 27 0 16 66 
1 16 85 13 10 30 62 25 0 18 80 15 7 27 57 31 8 32 82 
1 14 55 29 8 18 82 
5 21 51 32 4 27 46 30 10 16 63 15 3 14 42 20 1 28 90 24 8 19 57 
5 19 80 31 8 15 57 
4 29 92 14 8 24 99 
4 30 80 29 1 33 99 
10 14 68 32 4 15 35 24 2 25 53 29 5 13 87 
10 31 98 13 5 17 87 
0 13 54 27 6 28 47 16 2 19 39 30 1 18 95 15 10 20 64 
0 27 66 23 5 17 64 
6 25 94 26 5 32 43 31 11 14 88 22 0 27 52 
6 29 85 31 1 23 52 
6 24 62 30 3 26 46 33 7 31 41 
6 17 52 30 11 13 41 
7 29 85 26 5 19 43 31 6 24 38 
7 26 63 19 11 24 38 
4 31 68 26 2 25 84 
4 30 95 22 10 17 84 
1 23 91 15 5 21 61 33 0 19 50 28 10 24 72 20 9 12 49 
1 15 78 22 9 19 49 
7 17 52 24 0 15 95 29 2 23 99 
7 29 73 30 10 14 99 
1 32 84 33 8 31 81 15 11 16 71 
1 23 39 32 7 15 71 
10 26 79 15 4 13 35 
10 16 63 20 5 14 35 
11 28 47 25 5 29 53 22 0 20 63 13 6 14 65 16 2 12 91 
11 25 74 31 5 20 91 
8 25 45 24 5 16 97 
8 21 82 23 10 29 97 
9 29 65 14 7 20 56 19 4 33 85 18 0 13 43 17 5 26 92 
9 30 99 17 8 22 92 
8 22 61 28 6 13 94 16 1 21 64 25 9 19 66 12 10 24 82 
8 33 99 20 7 21 82 
11 32 36 20 8 12 52 
11 30 77 26 2 24 52 
7 24 61 30 5 15 86 
7 26 62 25 8 18 86 
6 12 96 26 9 31 93 
6 25 54 16 3 32 93 
3 19 71 23 10 12 86 
3 13 61 28 1 22 86 
3 22 78 23 6 20 61 
3 23 99 12 0 22 61 
2 16 35 17 3 33 53 
2 26 55 31 10 24 53 
8 13 63 20 2 17 95 23 9 30 44 
8 17 93 20 1 31 44 
11 27 46 24 0 32 44 30 10 17 52 25 8 29 63 13 1 19 75 16 5 26 45 
11 20 75 14 7 24 45 
8 18 43 20 9 32 78 31 3 22 58 12 5 23 79 16 1 30 38 
8 24 39 20 4 25 38 
4 25 46 17 2 33 80 
4 33 52 30 9 29 80 
8 13 93 30 4 33 34 28 1 21 52 25 0 24 35 19 9 27 87 
8 30 65 31 7 13 87 
7 21 93 31 9 18 67 28 5 20 36 
7 30 56 24 3 33 36 
10 28 46 21 1 22 52 23 9 14 92 
10 26 66 33 6 13 92 
11 26 42 13 0 19 61 29 8 21 50 
11 27 52 24 9 16 50 
11 31 53 12 2 29 87 14 10 17 80 
11 24 50 14 9 27 80 
1 24 57 32 2 29 59 15 8 21 81 19 9 25 46 
1 26 63 32 4 12 46 
7 17 80 31 5 27 83 12 2 32 48 25 11 13 36 
7 31 83 32 9 26 36 
8 32 62 23 2 21 77 20 1 22 97 27 11 25 95 17 0 12 41 13 7 14 98 
8 12 70 30 2 29 98 
9 19 62 23 8 26 44 28 2 25 67 31 11 29 71 15 6 12 36 
9 29 41 24 6 26 36 
8 12 68 22 5 14 98 23 7 13 72 21 9 26 45 
8 29 91 13 3 33 45 
7 21 90 23 9 13 39 
7 22 35 16 3 12 39 
11 32 70 20 3 22 60 23 7 29 44 
11 33 38 15 8 28 44 
4 22 60 19 8 30 78 15 0 24 38 29 11 26 80 17 2 13 81 16 10 31 65 
4 18 63 23 3 31 65 
10 32 65 26 7 23 60 
10 20 76 15 4 14 60 
10 13 41 20 1 23 47 25 8 22 90 32 11 31 95 12 7 21 43 
10 33 44 24 11 28 43 
9 14 96 18 10 27 72 25 8 12 62 24 0 13 66 31 1 20 95 21 4 28 47 
9 18 69 32 3 25 47 
11 17 83 33 8 27 47 13 3 23 95 18 0 24 61 
11 14 35 22 8 25 61 
2 27 51 19 6 30 34 
2 24 79 19 8 13 34 
9 12 35 30 2 20 96 16 4 28 62 32 10 21 55 17 0 14 38 
9 25 95 21 11 19 38 
9 23 97 29 3 12 94 17 10 20 63 15 2 22 35 33 11 16 68 28 0 25 75 
9 29 52 17 0 16 75 
11 32 35 13 8 16 78 19 5 17 45 
11 23 89 28 8 29 45 
9 14 58 33 10 15 63 22 11 12 49 
9 21 45 28 0 19 49 
11 28 81 26 9 25 82 13 1 23 39 
11 12 72 13 10 28 39 
0 28 59 27 5 29 68 25 7 33 47 20 3 21 77 22 11 23 85 30 8 18 57 
0 20 40 32 5 16 57 
11 12 65 25 0 22 77 14 10 26 54 
11 17 56 13 4 18 54 
2 26 47 22 8 28 64 13 0 18 75 
2 32 78 12 5 19 75 
8 28 95 15 3 26 35 13 7 19 37 29 2 12 56 16 10 27 49 23 1 33 97 
8 28 94 25 7 21 97 
1 22 74 32 8 27 75 19 10 28 43 23 2 16 72 25 6 29 40 31 4 13 76 
1 12 54 15 8 19 76 
9 18 77 23 1 16 47 
9 30 74 23 11 21 47 
11 13 67 26 4 23 52 24 9 14 83 19 0 29 85 21 10 17 72 15 6 28 94 
11 32 49 20 2 25 94 
1 23 43 32 8 21 82 15 5 24 56 17 6 25 36 
1 29 58 12 9 17 36 
7 26 94 25 11 30 97 22 6 24 55 
7 16 99 24 9 26 55 
4 15 65 12 10 20 97 19 9 18 73 
4 19 60 27 11 13 73 
3 26 56 13 11 16 76 
3 18 56 28 6 15 76 
8 27 67 24 10 23 54 30 4 12 40 15 9 22 51 14 5 31 71 25 1 13 38 
8 27 34 33 11 14 38 
3 25 72 20 0 31 45 
3 19 89 31 0 15 45 
5 25 70 27 4 23 48 24 3 13 62 29 11 19 34 17 9 20 94 
5 16 80 19 0 30 94 
0 21 38 22 3 12 82 
0 32 52 31 1 25 82 
9 19 68 26 2 29 56 22 10 31 34 14 11 12 99 
9 24 65 30 3 16 99 
6 20 62 28 2 22 81 25 11 15 53 
6 16 73 30 7 18 53 
10 31 51 26 1 20 68 
10 25 91 15 3 19 68 
2 32 75 16 10 31 77 12 3 13 85 17 0 24 54 30 6 26 82 
2 25 40 32 0 21 82 
10 33 86 26 1 32 71 23 8 28 73 12 2 30 63 31 5 29 41 
10 20 58 14 0 23 41 
1 31 58 17 10 30 53 19 0 24 69 13 5 22 95 27 3 20 87 
1 26 41 27 4 33 87 
6 20 39 13 5 26 55 19 4 30 44 25 10 23 38 33 2 17 75 
6 24 60 20 11 32 75 
1 28 76 23 5 24 40 13 6 15 77 
1 15 47 31 3 22 77 
5 17 40 20 3 15 45 12 9 14 92 23 1 26 71 27 6 16 36 22 0 30 39 
5 29 94 27 1 26 39 
5 23 35 20 2 14 69 24 10 30 67 33 11 17 54 
5 29 57 30 9 13 54 
10 24 42 14 2 29 44 18 4 21 41 27 9 22 78 19 0 28 50 
10 22 87 33 3 32 50 
5 17 81 24 1 22 57 20 6 27 54 23 0 29 62 15 3 18 48 31 7 19 34 
5 25 44 24 2 14 34 
0 30 72 14 6 26 81 27 7 12 37 17 1 32 58 
0 18 81 25 1 29 58 
11 29 49 32 5 14 81 
11 23 40 29 7 16 81 
11 24 51 29 7 32 95 
11 14 84 20 5 31 95 
2 25 52 15 7 23 87 22 9 28 99 21 8 19 57 31 0 24 50 30 6 17 59 
2 14 77 25 1 19 59 
10 21 88 19 5 17 91 
10 23 75 30 5 24 91 
4 24 60 27 6 26 40 
4 28 78 12 0 26 40 
8 17 99 20 10 31 92 22 11 15 74 21 6 13 85 14 7 25 91 
8 28 42 25 7 26 91 
2 13 42 27 11 21 75 15 10 20 38 19 3 30 73 18 7 23 46 
2 16 36 13 1 14 46 
6 12 45 33 7 15 35 21 10 28 87 27 5 18 43 24 9 16 73 
6 31 71 21 1 23 73 
2 12 54 20 10 23 46 24 1 27 68 17 4 14 63 
2 33 75 25 10 32 63 
10 15 46 21 1 13 65 25 4 14 97 33 8 19 71 17 3 30 81 12 5 29 80 
10 20 62 31 8 15 80 
7 18 97 17 0 16 39 
7 24 94 23 1 18 39 
3 14 68 19 0 17 39 16 5 32 65 21 4 18 98 25 10 30 87 24 11 15 77 
3 20 58 27 0 30 77 
10 31 57 15 0 18 49 26 8 13 39 33 1 16 96 28 7 20 94 
10 12 67 31 7 33 94 
5 14 55 26 2 27 88 25 8 32 56 30 6 17 69 29 10 31 99 
5 26 96 12 8 23 99 
11 19 88 14 1 20 65 24 4 27 70 
11 15 78 23 3 19 70 
2 24 69 21 10 27 90 
2 21 95 18 3 27 90 
11 24 53 22 0 32 37 
11 27 68 28 7 31 37 
6 13 60 33 9 30 63 
6 32 67 14 5 13 63 
11 30 37 32 8 26 35 24 9 22 89 19 7 15 86 12 5 13 45 28 2 31 43 
11 14 82 28 8 13 43 
3 25 59 19 11 32 34 28 1 16 76 
3 21 84 12 1 26 76 
1 24 87 31 8 29 78 16 6 13 97 
1 32 57 24 4 27 97 
2 14 75 33 4 13 66 15 10 19 81 23 0 20 62 
2 30 68 21 10 23 62 
11 21 97 31 1 13 60 
11 28 34 23 2 12 60 
8 25 79 12 4 32 64 
8 32 87 26 2 12 64 
7 14 89 17 11 27 78 25 4 18 34 16 6 24 57 13 1 21 92 30 9 32 86 
7 29 81 20 3 25 86 
7 26 37 18 4 13 53 17 2 27 69 
7 31 39 18 11 20 69 
2 22 93 19 5 16 58 32 8 33 75 
2 17 65 27 11 24 75 
3 16 64 31 2 32 65 
3 23 73 25 4 18 65 
2 29 84 31 0 15 88 32 4 12 99 27 9 19 57 18 1 14 82 24 11 20 44 
2 20 73 17 5 26 44 
6 13 56 25 1 12 77 29 0 15 47 18 11 28 92 
6 33 45 14 3 21 92 
11 14 94 20 7 30 39 23 0 19 88 
11 19 80 25 1 18 88 
5 32 82 15 3 23 40 16 11 26 54 25 0 17 92 
5 13 70 24 2 27 92 
9 31 84 16 11 30 69 15 2 13 88 17 8 32 91 22 3 20 68 
9 27 79 22 10 15 68 
5 15 34 24 10 14 75 
5 14 85 23 2 31 75 
8 27 63 22 6 30 40 29 7 16 65 17 3 28 46 32 10 20 68 21 4 18 37 
8 12 95 30 9 32 37 
4 31 77 19 2 22 73 
4 31 70 30 7 16 73 
5 16 73 14 1 33 44 
5 14 58 22 1 12 44 
4 26 95 18 8 16 50 17 10 27 71 15 5 22 59 19 3 14 83 
4 16 55 19 5 12 83 
9 26 66 16 5 23 90 12 11 15 79 20 3 19 34 
9 30 45 31 8 29 34 
8 19 69 33 2 23 78 18 0 12 57 27 11 22 35 
8 19 69 30 11 14 35 
5 12 76 22 2 20 59 
5 24 60 13 9 21 59 
7 19 82 32 4 14 42 17 6 20 94 
7 12 49 26 4 18 94 
10 24 45 18 11 33 91 
10 29 38 21 3 25 91 
1 22 90 24 0 18 68 
1 18 40 16 8 19 68 
0 22 68 25 10 23 93 
0 14 53 31 7 26 93 
7 25 80 18 0 23 88 27 10 16 40 26 1 15 85 
7 21 99 28 2 18 85 
1 32 43 26 4 33 78 
1 13 79 28 6 15 78 
0 24 82 30 4 31 53 13 7 14 41 12 9 20 99 
0 24 73 19 1 21 99 
10 26 98 20 5 24 63 25 2 17 62 
10 16 70 25 11 33 62 
3 17 92 12 0 20 47 26 4 28 84 18 11 23 35 
3 23 66 32 10 20 35 
9 13 71 33 4 18 72 30 0 22 69 19 10 32 75 
9 27 92 29 1 15 75 
0 30 67 12 1 18 93 13 11 25 86 20 10 17 89 26 5 22 77 
0 23 48 25 9 33 77 
7 15 65 28 6 29 70 13 3 19 98 31 9 18 64 26 1 21 46 
7 18 94 31 11 27 46 
4 25 99 18 0 17 62 16 1 33 46 19 8 12 37 
4 16 79 19 0 27 37 
7 30 75 24 9 23 34 25 8 31 69 32 5 14 39 
7 25 85 24 11 33 39 
0 23 54 18 5 12 35 29 3 19 67 
0 24 53 30 4 27 67 
5 30 66 31 11 21 93 
5 22 42 19 4 29 93 
11 21 64 19 3 33 62 
11 20 59 31 0 33 62 
4 25 71 20 8 29 86 14 2 13 42 
4 15 58 21 8 26 42 
5 15 47 12 1 30 80 18 11 16 77 27 10 17 71 
5 33 46 23 9 29 71 
5 21 91 20 9 31 42 24 3 32 50 30 0 15 83 12 7 22 95 
5 29 70 27 10 20 95 
8 21 45 32 9 25 90 33 0 31 81 19 7 30 50 23 5 26 37 
8 28 81 23 0 26 37 
4 23 76 20 5 18 56 16 1 26 75 29 10 22 66 30 0 28 49 12 3 15 61 
4 24 70 29 11 30 61 
9 14 55 33 10 21 71 
9 24 53 20 10 22 71 
8 22 79 18 10 32 70 19 6 26 64 
8 29 61 14 11 23 64 
5 30 96 26 0 19 64 
5 21 66 13 3 33 64 
2 20 76 12 6 26 87 13 11 32 49 33 0 30 72 
2 21 62 22 9 16 72 
6 14 55 30 11 20 71 12 3 21 96 25 5 19 60 23 0 26 57 
6 33 59 28 4 21 57 
8 17 39 13 9 20 90 28 4 19 91 25 10 27 49 29 2 30 34 32 6 12 89 
8 26 36 23 7 17 89 
1 28 37 31 4 24 36 12 2 19 74 21 7 18 92 
1 24 88 31 11 33 92 
0 17 50 26 5 29 85 31 10 27 70 25 4 32 52 
0 28 67 26 11 21 52 
1 25 74 13 3 19 76 12 7 29 48 26 11 15 51 
1 24 54 32 6 14 51 
8 24 94 20 0 31 40 21 4 13 39 23 3 22 59 
8 19 81 28 0 31 59 
4 29 65 22 2 16 39 
4 26 99 14 7 24 39 
0 24 60 16 8 19 37 
0 32 95 20 9 25 37 
3 27 97 26 9 16 50 
3 16 71 28 8 20 50 
0 18 51 31 3 25 73 27 4 32 98 13 7 15 52 
0 25 79 23 3 21 52 
10 14 42 29 4 18 43 32 2 26 70 12 6 31 83 
10 18 69 33 6 31 83 
11 26 88 18 10 13 43 23 7 16 69 
11 23 61 22 3 16 69 
7 13 56 33 1 30 58 18 10 27 38 
7 28 44 14 0 24 38 
4 31 51 33 0 22 64 14 2 13 52 
4 30 91 28 11 23 52 
5 21 38 14 11 12 92 33 3 18 98 
5 32 47 27 4 26 98 
6 17 49 18 9 29 37 20 5 27 69 28 0 31 75 
6 21 69 17 10 22 75 
10 19 50 28 9 27 65 
10 12 50 15 5 21 65 
10 30 95 22 6 16 45 
10 32 96 17 7 29 45 
4 22 35 30 5 24 62 20 1 26 51 28 6 23 91 32 0 13 64 16 7 25 75 
4 29 88 25 1 12 75 
9 21 82 27 0 26 92 15 3 25 91 30 6 32 68 23 1 22 60 12 5 18 75 
9 17 74 32 5 25 75 
9 22 70 24 1 16 92 33 0 13 87 26 7 20 80 23 5 18 69 
9 33 81 32 0 21 69 
11 19 68 31 0 23 82 25 3 18 64 28 2 16 56 
11 33 89 20 9 24 56 
11 14 37 21 0 24 88 17 9 16 39 22 1 12 69 
11 14 91 22 2 26 69 
0 20 91 15 8 24 67 
0 15 83 28 10 29 67 
1 15 62 13 8 33 53 
1 33 98 25 0 18 53 
9 23 91 15 6 21 80 26 0 16 77 28 11 17 70 
9 19 72 28 5 16 70 
0 19 53 30 11 14 85 29 10 12 60 27 6 31 92 20 7 15 83 13 3 18 79 
0 12 73 30 11 21 79 
5 17 90 28 8 19 67 12 7 23 48 14 11 25 45 
5 17 59 20 0 32 45 
0 25 88 19 9 24 42 27 2 28 40 
0 27 75 23 5 12 40 
5 24 62 19 8 29 61 
5 23 96 21 11 30 61 
7 24 90 19 10 20 78 22 4 16 75 27 8 23 38 
7 20 46 27 3 18 38 
5 29 88 30 2 26 62 32 3 17 44 31 11 15 86 
5 14 38 16 11 12 86 
4 19 52 29 10 32 60 24 5 16 77 
4 33 99 25 1 28 77 
8 31 79 32 0 16 93 19 5 33 75 17 7 24 96 14 1 29 71 
8 29 44 33 2 12 71 
8 32 75 25 9 33 86 30 7 23 38 26 2 20 76 
8 12 36 14 5 29 76 
11 29 49 24 8 16 73 27 4 17 39 22 6 32 66 30 10 12 42 
11 28 74 31 0 12 42 
3 32 53 27 9 30 77 
3 24 50 26 2 12 77 
8 26 58 15 10 19 90 33 11 28 63 14 1 20 67 24 5 31 48 16 0 22 49 
8 33 73 24 10 16 49 
5 32 96 19 6 20 91 33 2 24 88 16 10 15 74 31 0 12 84 
5 24 99 30 6 18 84 
4 25 50 29 6 17 41 32 11 12 53 22 2 33 76 20 0 16 67 27 5 21 83 
4 24 60 17 10 26 83 
3 33 99 17 7 16 41 26 8 22 63 
3 29 78 33 8 22 63 
9 12 80 14 2 23 46 
9 31 60 18 7 24 46 
9 15 99 28 4 13 95 21 2 20 38 14 3 18 36 27 10 30 51 16 5 12 40 
9 23 52 15 5 22 40 
4 17 85 22 11 18 92 27 2 12 75 24 8 25 51 
4 22 35 15 3 19 51 
7 33 44 17 5 13 58 21 2 29 68 
7 30 75 28 8 12 68 
0 31 47 23 6 28 58 12 11 17 64 
0 24 39 23 2 27 64 
9 21 56 25 4 32 79 19 1 18 65 
9 14 57 27 3 31 65 
7 18 78 21 2 31 57 32 9 27 60 12 11 20 71 23 6 29 54 
7 20 84 12 4 26 54 
8 18 87 31 7 17 60 28 3 32 77 16 11 27 67 19 0 25 57 20 1 13 96 
8 21 67 12 9 27 96 
11 26 58 30 10 31 70 29 0 14 83 15 8 24 84 13 4 32 90 
11 21 95 32 1 26 90 
6 30 79 22 1 24 78 26 4 20 87 19 10 28 74 27 9 33 89 32 3 18 76 
6 29 41 15 4 13 76 
2 14 57 28 5 29 91 18 10 24 99 12 3 27 52 30 6 19 37 
2 12 83 25 8 16 37 
10 31 98 30 5 15 49 18 3 24 43 12 11 21 40 
10 23 99 20 1 33 40 
11 28 55 23 6 20 62 17 9 31 43 19 2 27 66 18 1 22 48 
11 18 96 32 7 30 48 
3 27 80 19 8 21 86 
3 19 97 21 10 17 86 
5 14 48 18 6 29 40 
5 32 65 25 7 18 40 
1 33 86 18 8 28 48 
1 14 36 24 7 22 48 
6 24 34 33 1 23 84 17 5 15 42 31 11 25 47 16 10 30 91 32 8 28 96 
6 19 86 12 11 14 96 
0 22 83 16 1 27 52 15 5 30 57 25 10 33 38 18 9 24 35 13 4 12 41 
0 22 84 24 9 31 41 
11 32 43 16 1 28 46 
11 19 85 16 8 17 46 
3 26 46 18 7 23 55 21 8 33 48 
3 31 35 33 5 17 48 
3 16 89 30 6 22 45 25 8 32 99 
3 28 51 21 4 24 99 
2 27 61 29 8 21 84 25 9 32 47 18 6 24 38 
2 20 89 26 8 33 38 
0 14 63 20 11 22 93 16 4 15 78 23 6 30 36 
0 30 69 19 7 31 36 
0 24 78 19 9 26 50 16 8 31 91 14 10 28 39 29 2 22 36 33 6 13 53 
0 25 79 12 1 16 53 
9 27 58 22 11 31 54 
9 26 89 14 6 19 54 
5 14 52 30 0 29 78 18 1 19 76 12 8 28 69 20 9 16 43 32 3 24 51 
5 13 55 22 8 17 51 
5 21 71 28 10 13 62 
5 28 89 20 6 24 62 
2 32 78 18 4 33 43 23 0 28 70 17 11 22 62 25 1 31 57 
2 17 58 31 0 24 57 
4 26 68 30 9 28 61 19 5 17 70 25 2 32 37 22 3 31 44 33 6 29 84 
4 33 74 19 7 14 84 
6 32 34 33 11 14 66 
6 33 47 19 3 24 66 
9 27 92 21 7 23 41 
9 17 91 14 5 29 41 
11 27 77 33 8 12 74 28 3 31 35 15 6 13 48 21 10 22 40 
11 22 66 17 2 27 40 
6 23 37 21 7 17 55 28 8 32 53 33 11 30 48 24 10 29 54 
6 27 80 16 0 31 54 
1 20 76 28 5 12 71 33 6 16 66 
1 26 98 21 11 25 66 
10 20 93 23 11 24 50 15 3 26 44 22 9 16 38 32 0 17 74 19 5 33 55 
10 13 98 17 4 14 55 
4 32 96 25 3 20 99 
4 29 34 33 2 25 99 
0 31 62 19 2 18 83 
0 26 38 31 1 17 83 
11 20 46 16 6 33 89 17 3 23 40 
11 12 35 16 5 31 40 
0 24 52 32 3 23 97 13 10 26 79 
0 22 55 32 10 33 79 
10 24 87 19 9 18 50 13 7 21 83 23 0 32 79 26 5 30 68 
10 30 81 24 11 15 68 
7 12 72 27 3 15 73 22 11 31 79 23 1 30 84 
7 20 86 33 9 26 84 
10 25 99 26 9 21 42 20 3 29 61 
10 24 90 13 9 26 61 
9 17 54 33 10 19 82 
9 33 56 18 2 27 82 
3 14 77 13 9 25 61 
3 22 43 14 11 13 61 
7 32 41 25 10 22 35 
7 16 47 17 5 19 35 
6 16 58 29 1 26 63 23 5 19 75 
6 22 45 31 8 26 75 
1 30 77 21 4 16 75 33 10 27 84 26 9 25 45 
1 26 49 17 10 19 45 
11 21 67 18 6 15 72 32 5 27 42 12 1 16 47 
11 33 86 32 4 25 47 
8 21 88 30 9 22 56 32 0 17 76 24 5 27 84 16 10 25 61 33 2 20 89 
8 13 74 15 7 24 89 
0 22 42 15 4 13 65 17 1 33 35 26 2 27 91 
0 32 45 28 3 25 91 
10 30 77 19 5 32 35 
10 22 68 29 4 24 35 
9 15 69 22 11 29 94 
9 22 92 33 4 25 94 
10 28 81 18 3 29 72 14 0 25 40 13 8 16 93 
10 31 41 27 9 28 93 
4 29 99 22 1 31 96 
4 12 65 24 10 13 96 
4 22 75 29 2 20 50 24 9 30 82 14 8 25 99 
4 19 90 31 11 22 99 
7 21 78 23 11 20 52 22 0 33 70 13 9 19 37 18 3 30 69 
7 26 52 15 11 12 69 
10 23 98 15 5 16 51 13 0 21 50 
10 28 36 15 0 16 50 
4 14 54 33 0 29 78 26 11 21 93 28 7 31 99 19 9 30 98 25 6 15 41 
4 16 38 21 6 14 41 
11 15 92 33 3 25 40 22 4 14 47 17 8 29 60 
11 23 71 24 8 13 60 
4 33 80 15 11 23 81 
4 26 87 13 3 12 81 
3 14 58 18 1 21 76 
3 26 64 31 6 28 76 
0 28 43 30 11 19 40 
0 30 44 27 11 17 40 
3 24 42 28 9 12 48 16 7 26 93 
3 26 92 28 6 32 93 
4 19 99 25 0 12 50 14 9 22 41 
4 17 98 14 8 15 41 
11 13 87 14 4 15 70 
11 33 81 12 8 23 70 
1 33 89 19 8 24 54 28 7 16 62 17 10 21 79 18 6 25 80 22 0 30 65 
1 20 50 26 10 17 65 
0 26 52 31 5 22 58 
0 21 80 22 4 33 58 
7 19 35 29 0 20 92 
7 21 38 29 10 20 92 
1 14 84 28 11 20 40 17 3 31 71 33 6 23 85 21 9 25 79 
1 27 80 32 6 12 79 
5 21 69 24 2 31 87 20 10 30 85 
5 30 45 28 10 14 85 
0 16 37 30 9 31 54 12 1 25 96 15 4 32 44 14 11 27 72 
0 17 39 28 6 15 72 
8 22 61 17 11 30 65 31 1 33 84 28 6 20 64 24 10 27 81 
8 22 37 29 2 18 81 
4 31 56 18 1 14 38 
4 13 87 33 0 25 38 
0 12 58 18 8 15 75 30 4 16 56 24 1 19 50 
0 15 38 33 8 27 50 
9 33 42 23 7 26 79 21 10 27 72 32 5 13 40 
9 22 42 26 11 28 40 
5 12 68 13 8 15 91 32 7 17 43 24 2 16 73 
5 14 40 30 10 27 73 
4 33 56 21 9 20 54 32 10 18 52 
4 23 96 33 11 29 52 
1 18 80 24 5 19 92 
1 26 63 25 4 17 92 
0 21 55 30 6 14 47 18 10 19 73 
0 14 93 16 1 15 73 
1 33 76 23 11 32 83 13 10 24 98 
1 33 47 12 3 30 98 
0 25 52 21 7 14 91 
0 25 87 27 9 15 91 
9 17 52 20 1 18 94 28 0 25 63 
9 30 83 29 5 31 63 
7 15 97 13 8 18 86 22 4 26 61 
7 27 43 18 9 22 61 
5 29 90 26 9 23 83 31 0 16 91 33 2 18 56 
5 12 62 26 9 33 56 
6 24 45 29 10 22 79 30 9 15 73 26 7 20 70 
6 12 47 21 10 30 70 
1 13 97 27 9 29 92 17 6 20 74 28 2 33 73 30 5 25 88 32 3 12 45 
1 33 41 15 0 18 45 
9 31 75 25 0 19 37 24 10 13 72 33 4 28 48 
9 19 40 26 4 32 48 
9 17 85 28 2 31 84 24 0 21 51 27 8 14 62 19 11 13 50 
9 18 73 33 8 32 50 
5 29 50 26 7 16 35 12 9 21 97 22 11 30 39 20 1 18 44 24 10 15 89 
5 16 36 15 6 26 89 
1 29 69 26 0 12 94 
1 26 42 14 10 20 94 
5 16 49 33 9 20 81 32 8 29 70 21 4 13 94 
5 13 85 12 0 32 94 
7 22 60 23 4 15 93 19 10 33 59 32 1 14 76 29 9 16 70 28 0 12 49 
7 22 44 29 11 13 49 
8 28 54 33 6 17 64 31 0 24 69 21 3 26 41 
8 31 44 23 11 18 41 
3 30 59 31 2 29 94 
3 20 50 22 1 15 94 
11 27 99 19 3 28 83 29 9 21 34 31 1 18 89 
11 21 51 33 4 24 89 
6 28 75 32 7 21 63 16 4 23 43 
6 27 77 19 7 17 43 
10 27 42 31 4 19 89 30 7 16 92 
10 18 77 24 4 15 92 
4 20 89 31 9 21 37 25 0 28 43 22 6 24 68 15 10 13 64 18 2 12 44 
4 13 71 12 11 24 44 
10 29 91 20 11 23 43 
10 24 45 31 7 32 43 
8 21 51 15 7 23 84 24 10 19 76 33 4 26 56 
8 30 49 21 3 28 56 
5 14 43 31 8 16 56 
5 27 69 28 0 26 56 
3 15 87 29 0 30 45 25 8 21 34 26 11 16 53 14 1 32 44 28 9 19 52 
3 16 79 14 8 29 52 
11 24 81 27 6 30 99 20 8 13 93 18 10 33 53 31 5 32 61 15 1 21 42 
11 25 79 30 0 13 42 
1 14 68 16 7 13 91 25 11 22 63 21 4 24 53 33 6 12 84 
1 22 47 12 9 27 84 
11 32 78 33 7 29 73 22 8 18 94 27 4 12 87 
11 17 91 19 7 22 87 
7 29 40 19 1 24 87 
7 13 75 19 1 23 87 
8 22 44 33 10 17 81 15 1 13 39 
8 12 81 28 7 30 39 
8 21 46 15 11 30 78 19 6 25 60 
8 31 87 23 6 27 60 
0 14 64 18 2 21 41 
0 15 51 29 3 12 41 
1 15 93 24 11 28 91 20 8 31 34 22 6 29 98 14 4 19 53 
1 32 86 30 4 16 53 
10 16 67 14 0 25 54 23 6 15 55 27 7 12 77 28 11 20 94 19 9 21 40 
10 32 88 30 0 28 40 
7 30 60 25 8 27 77 
7 27 34 16 5 15 77 
2 20 55 33 7 19 42 26 3 12 91 
2 17 96 25 6 26 91 
11 15 75 19 9 12 96 32 0 21 38 16 2 17 68 
11 28 92 31 4 23 68 
2 28 72 25 9 14 86 27 10 17 36 
2 20 62 15 7 23 36 
9 21 94 32 7 26 54 20 8 27 49 19 0 15 62 
9 16 71 12 6 24 62 
1 24 57 16 7 29 98 27 11 33 67 30 0 23 89 
1 12 91 32 11 31 89 
3 17 68 25 1 23 37 14 10 29 64 
3 12 57 17 1 31 64 
11 26 63 15 9 30 98 
11 22 54 17 4 28 98 
6 18 46 12 11 29 79 22 8 25 37 26 7 20 93 
6 18 99 31 0 12 93 
4 22 95 26 5 14 60 20 10 24 92 17 2 31 62 13 0 15 37 32 7 19 46 
4 24 42 22 1 32 46 
6 23 82 29 11 22 81 18 7 21 84 31 4 16 38 
6 33 95 18 3 21 38 
9 13 77 30 4 17 64 33 11 28 51 24 0 19 58 31 3 21 72 25 7 29 79 
9 15 36 26 8 12 79 
1 33 38 26 7 28 81 19 2 29 64 30 6 13 37 31 9 14 66 
1 17 58 18 6 19 66 
11 12 84 28 4 17 61 25 6 24 91 23 3 15 46 20 8 33 34 30 5 27 99 
11 18 58 19 2 14 99 
1 27 57 13 10 28 90 33 9 25 63 
1 30 83 25 3 21 63 
8 31 56 33 2 30 65 20 3 32 74 17 4 26 81 18 9 13 52 
8 25 46 19 6 22 52 
7 30 60 31 4 16 37 14 11 21 57 29 10 18 72 
7 18 85 20 4 30 72 
5 22 59 24 11 27 75 17 2 33 81 29 4 31 99 30 8 26 48 28 3 15 88 
5 18 37 13 9 12 88 
11 22 66 19 5 20 53 23 2 28 41 29 10 24 83 32 1 17 86 
11 12 53 26 8 20 86 
10 23 39 14 6 21 49 25 11 27 40 
10 22 87 12 1 32 40 
6 14 84 29 2 32 88 24 1 20 78 
6 17 76 16 3 21 78 
6 12 79 27 9 21 69 31 7 17 83 
6 30 54 27 8 33 83 
11 18 46 29 6 21 57 
11 12 96 15 9 22 57 
7 30 76 13 10 12 79 16 11 21 97 15 9 28 59 22 4 33 98 
7 29 78 15 9 24 98 
8 17 63 12 3 24 55 
8 33 73 28 11 18 55 
8 22 34 24 9 26 89 25 0 12 39 23 10 13 53 14 3 20 87 27 4 33 65 
8 20 60 12 5 31 65 
5 18 42 16 9 24 90 25 4 31 77 
5 13 50 15 0 29 77 
9 15 37 14 8 29 56 
9 27 99 12 2 15 56 
1 27 57 30 6 18 69 24 5 23 87 13 9 14 39 20 10 15 49 
1 28 83 16 10 21 49 
1 26 83 22 2 21 52 16 6 15 66 
1 31 58 23 5 15 66 
9 22 97 30 8 26 50 29 1 25 35 
9 12 79 17 6 28 35 
10 28 86 33 2 16 89 25 6 26 52 32 9 22 38 17 0 30 97 21 5 14 68 
10 21 89 17 7 18 68 
3 13 44 27 10 18 45 14 7 19 71 21 9 16 64 
3 20 53 15 1 25 64 
8 15 92 21 9 18 47 
8 15 94 23 6 31 47 
1 31 48 21 7 18 61 22 4 23 57 26 5 25 79 20 0 17 41 15 3 14 77 
1 20 63 29 3 19 77 
3 13 83 22 2 20 63 30 5 25 65 18 6 23 45 29 0 19 76 27 10 17 73 
3 32 38 21 1 29 73 
6 22 51 29 11 25 84 27 2 31 75 19 0 18 93 30 9 21 70 
6 17 46 15 3 23 70 
3 27 36 12 1 14 46 16 7 32 47 30 0 15 97 24 4 25 80 
3 32 65 15 0 23 80 
7 17 57 25 10 32 83 29 5 26 60 
7 28 95 12 4 33 60 
7 18 67 29 6 23 40 22 3 24 83 14 9 25 91 28 1 27 37 
7 30 50 33 11 29 37 
2 22 54 31 11 25 73 14 6 27 44 20 10 16 96 
2 14 86 30 9 17 96 
0 25 56 26 7 21 45 27 11 16 34 32 4 20 86 15 9 24 74 
0 22 42 27 7 25 74 
0 16 61 14 8 24 58 
0 29 75 24 9 28 58 
2 25 35 23 10 26 65 14 3 28 98 
2 24 76 15 11 27 98 
8 20 84 16 9 22 72 
8 22 94 26 0 31 72 
11 27 48 19 8 18 49 29 0 24 93 26 2 21 69 16 5 28 86 
11 15 76 28 10 12 86 
2 24 77 33 10 15 50 30 0 12 71 18 6 21 80 31 9 23 40 
2 21 87 27 9 25 40 
4 20 89 30 7 17 66 
4 15 76 21 3 25 66 
5 27 90 14 8 16 75 18 7 29 79 24 4 28 72 32 0 13 68 17 10 21 97 
5 20 86 12 10 31 97 
2 20 72 31 6 16 99 27 7 18 97 24 9 23 75 
2 25 92 26 1 30 75 
10 13 68 33 11 12 39 
10 15 63 18 11 13 39 
9 29 54 16 2 24 66 21 5 15 98 18 10 25 99 
9 25 48 14 1 16 99 
2 20 73 26 10 30 66 28 3 17 50 
2 31 46 32 1 17 50 
7 27 59 17 6 29 84 
7 21 66 12 0 33 84 
9 33 69 21 6 18 58 13 5 12 49 30 3 22 70 
9 19 81 27 6 13 70 
5 24 52 28 6 33 93 
5 22 82 13 10 19 93 
3 20 42 26 1 15 50 14 8 31 75 28 11 21 40 29 0 13 72 23 10 16 53 
3 31 87 13 5 28 53 
11 28 84 31 0 26 36 25 9 16 88 23 7 17 37 29 6 30 85 19 8 18 64 
11 30 55 26 7 13 64 
1 22 39 29 0 17 79 32 6 12 99 18 3 24 35 15 7 28 54 33 9 26 88 
1 30 37 12 11 25 88 
9 27 45 22 2 29 71 16 7 23 57 15 11 17 54 
9 28 73 31 2 16 54 
4 27 96 30 11 13 66 32 8 29 80 23 7 12 45 
4 28 61 27 0 32 45 
7 32 83 31 1 27 40 
7 15 49 20 1 29 40 
3 33 74 26 9 28 92 24 10 21 62 
3 27 79 14 1 32 62 
9 24 50 15 3 12 67 32 10 20 52 33 8 30 49 21 5 18 82 22 6 26 87 
9 20 50 15 8 31 87 
3 30 67 22 2 32 39 13 5 23 81 
3 30 98 14 1 28 81 
7 20 38 32 3 21 57 19 9 15 90 
7 13 72 18 10 17 90 
10 29 49 23 7 33 94 16 8 22 52 
10 12 76 17 4 29 52 
8 22 77 26 5 25 53 28 1 29 84 
8 31 87 26 0 22 84 
9 22 56 24 5 27 79 23 4 29 40 31 11 28 61 17 0 16 72 
9 12 87 18 0 14 72 
2 14 74 29 11 33 50 26 10 13 44 19 5 23 83 21 8 22 89 32 1 18 97 
2 22 52 17 6 14 97 
2 33 44 22 0 30 45 26 4 21 40 18 6 24 78 14 11 32 70 
2 27 55 12 7 30 70 
6 16 42 30 1 23 45 21 2 29 51 27 7 20 71 
6 21 75 27 1 19 71 
8 20 34 26 9 27 76 14 1 33 83 
8 33 95 22 1 32 83 
2 18 79 24 8 32 80 13 0 33 47 30 5 17 36 
2 28 49 29 9 33 36 
6 22 94 24 0 25 34 19 2 33 63 17 9 27 45 29 1 23 74 
6 22 90 28 8 23 74 
3 27 38 21 4 24 73 20 6 15 45 30 0 18 46 17 11 19 42 
3 14 60 12 1 31 42 
0 31 82 30 9 15 59 22 10 18 65 
0 28 75 13 5 31 65 
6 30 70 23 4 24 56 26 8 13 83 
6 23 59 31 4 33 83 
0 29 92 28 2 20 78 
0 29 74 20 4 22 78 
6 27 56 17 4 30 84 29 3 21 96 31 8 16 46 33 7 26 82 32 11 22 62 
6 15 88 21 8 12 62 
5 22 62 26 2 28 97 14 0 31 34 
5 24 90 22 3 25 34 
0 14 34 31 1 24 62 29 2 17 45 32 8 19 47 13 10 12 48 
0 31 63 27 6 23 48 
7 17 53 13 1 26 94 
7 16 80 20 2 31 94 
5 28 85 14 11 29 69 22 6 13 98 19 3 30 68 32 8 31 72 
5 12 89 14 7 22 72 
11 12 56 13 5 27 41 23 2 33 96 
11 18 46 23 8 32 96 
7 23 62 30 8 26 55 32 3 16 35 12 1 22 54 28 5 25 93 17 11 20 52 
7 23 43 33 5 31 52 
8 12 47 20 4 31 37 33 10 13 89 
8 22 41 19 5 29 89 
8 18 74 25 6 29 48 23 0 17 55 26 10 12 46 13 11 16 36 
8 18 75 12 6 14 36 
9 15 50 31 10 25 93 19 3 28 64 33 1 14 76 
9 25 59 15 2 13 76 
2 23 65 24 6 19 35 17 11 26 70 25 5 18 57 21 3 31 77 
2 20 95 14 7 28 77 
7 30 84 24 8 31 98 21 5 32 38 12 6 16 76 
7 20 56 31 8 18 76 
7 21 42 33 8 30 68 29 5 27 81 23 9 20 72 28 10 17 86 22 3 24 47 
7 31 97 26 2 27 47 
4 24 67 22 9 19 85 
4 12 98 31 2 26 85 
1 22 45 19 10 30 93 
1 20 65 22 8 33 93 
3 30 79 26 5 13 68 32 4 15 63 19 11 25 59 12 1 29 46 
3 32 56 26 7 18 46 
1 26 98 33 2 14 84 23 6 24 65 
1 26 45 14 6 25 65 
3 18 87 29 2 15 72 
3 12 52 13 10 31 72 
3 23 55 27 2 22 59 
3 22 44 31 7 24 59 
11 22 73 31 0 16 47 19 10 24 39 33 6 29 35 20 1 30 79 
11 23 36 28 3 13 79 
5 24 61 13 9 32 83 
5 14 84 24 11 20 83 
2 33 48 32 1 18 83 
2 28 69 21 6 17 83 
0 26 58 14 5 16 52 19 1 22 86 17 7 24 78 15 9 13 40 20 11 27 92 
0 26 66 28 9 19 92 
6 33 39 15 3 24 46 28 1 13 53 
6 12 65 14 8 33 53 
8 32 98 20 5 12 58 14 0 25 39 15 1 28 86 26 9 30 45 22 7 27 91 
8 15 62 28 2 14 91 
6 31 69 32 8 29 50 14 9 26 62 19 7 15 41 
6 25 93 27 1 33 41 
9 23 93 17 1 25 55 27 5 29 34 18 3 24 81 31 4 12 48 
9 23 80 21 0 20 48 
5 28 38 19 6 18 79 12 7 24 55 16 11 17 63 14 9 21 97 15 4 26 56 
5 32 83 31 7 30 56 
9 32 75 15 4 16 57 24 1 22 91 13 5 30 81 14 2 33 48 25 11 28 67 
9 14 91 23 7 16 67 
11 20 80 31 1 25 38 15 5 28 72 29 6 23 42 
11 16 64 15 3 12 42 
9 27 86 20 10 17 45 18 7 15 88 12 4 31 94 21 0 28 38 16 3 22 82 
9 15 73 25 3 16 82 
11 30 82 32 7 13 42 21 5 20 49 
11 15 80 21 6 28 49 
2 24 87 16 7 26 60 30 3 28 40 
2 26 68 18 4 28 40 
0 12 95 14 5 15 52 27 4 18 87 
0 17 82 19 7 21 87 
5 33 38 31 3 18 77 20 1 24 68 
5 18 74 22 11 14 68 
4 28 96 12 6 17 80 22 2 32 54 
4 31 65 19 6 17 54 
4 27 94 18 11 33 70 
4 27 65 28 11 32 70 
6 19 34 21 1 33 87 23 5 30 92 27 2 29 43 32 4 25 76 24 0 18 57 
6 19 86 32 4 12 57 
6 31 51 14 7 16 83 20 9 17 84 23 8 13 45 27 10 12 98 18 2 19 93 
6 25 80 28 10 18 93 
8 21 38 22 9 23 64 
8 17 98 23 9 14 64 
9 24 54 28 6 30 63 
9 30 72 14 2 32 63 
2 33 49 20 10 25 43 28 7 16 60 21 9 23 47 12 0 27 36 
2 32 75 20 5 31 36 
8 17 84 12 5 22 50 
8 30 38 31 5 19 50 
9 13 51 24 7 26 66 32 11 23 67 20 4 16 58 
9 21 97 25 2 27 58 
7 16 59 24 3 15 92 31 11 21 91 23 10 25 97 20 2 13 44 22 6 12 50 
7 19 65 17 1 27 50 
9 24 79 25 1 15 34 19 11 18 64 16 2 17 44 12 4 33 37 13 7 20 50 
9 12 39 32 7 25 50 
9 32 85 20 10 31 68 28 8 33 92 26 1 29 46 
9 21 44 12 8 15 46 
2 17 46 18 11 29 81 16 4 31 83 25 3 32 99 26 0 20 60 24 10 22 58 
2 14 77 22 5 28 58 
1 18 92 13 2 30 53 25 11 21 68 17 7 12 54 27 3 33 35 26 8 28 44 
1 13 92 19 9 22 44 
1 14 44 21 9 20 39 23 4 22 52 29 3 12 65 
1 19 91 17 10 16 65 
7 25 83 22 0 19 53 16 6 26 55 13 8 33 74 17 9 30 95 28 4 21 41 
7 24 69 20 0 25 41 
4 20 87 15 11 33 38 
4 18 84 30 10 21 38 
1 33 96 13 7 15 84 24 8 20 94 
1 26 76 28 8 30 94 
2 15 59 14 0 29 86 22 4 18 85 26 9 13 87 20 5 17 73 
2 26 54 16 11 19 73 
6 25 53 20 5 18 95 
6 25 65 17 7 20 95 
6 12 76 16 9 23 50 26 3 17 42 29 11 19 34 30 10 31 88 
6 14 68 25 1 17 88 
3 16 99 30 6 20 42 19 7 25 46 
3 29 80 19 4 12 46 
11 32 40 18 8 22 61 23 7 27 38 13 0 29 87 33 4 24 98 
11 22 59 28 6 18 98 
11 22 60 15 3 20 87 13 2 17 73 29 7 12 80 30 0 19 91 16 1 25 51 
11 13 42 26 5 21 51 
4 24 77 31 9 16 88 27 5 25 87 30 6 19 99 20 1 23 36 26 0 28 44 
4 29 62 12 0 27 44 
9 15 89 13 11 31 92 25 3 16 34 30 5 20 60 23 0 26 78 27 1 19 97 
9 16 71 33 8 25 97 
3 14 83 16 8 23 38 
3 24 83 12 0 30 38 
3 16 48 15 9 24 79 33 11 19 89 13 5 26 60 30 10 32 50 
3 24 84 20 2 27 50 
7 26 39 30 6 15 43 27 9 28 66 32 2 24 53 19 5 33 55 
7 26 80 23 3 28 55 
4 31 70 15 10 14 97 32 3 19 99 16 2 12 69 24 0 28 44 
4 23 80 16 7 17 44 
3 33 43 25 11 21 66 22 9 30 85 
3 15 97 21 7 33 85 
6 33 93 30 4 28 90 22 10 14 66 18 2 27 45 24 3 19 61 16 9 13 79 
6 16 90 29 0 32 79 
6 16 49 29 2 12 36 22 11 30 37 15 3 25 40 17 5 19 92 33 10 28 96 
6 28 64 25 3 14 96 
4 15 55 13 10 26 63 12 3 19 51 33 9 17 53 18 8 16 52 
4 30 36 31 5 27 52 
6 32 77 23 7 29 84 
6 30 89 27 5 33 84 
8 15 65 19 1 21 42 13 9 12 98 29 3 14 39 
8 19 38 18 1 22 39 
2 30 90 23 3 29 59 
2 25 46 14 1 23 59 
7 33 87 17 0 31 84 21 1 26 72 16 9 19 40 
7 14 68 27 2 29 40 
4 12 43 27 0 29 64 13 6 17 39 15 11 23 69 26 1 16 54 
4 33 41 28 1 24 54 
3 21 55 25 1 15 38 32 0 16 67 17 5 24 39 22 11 12 91 
3 20 39 13 9 14 91 
10 27 96 14 0 12 76 23 3 16 57 15 11 33 72 26 1 20 67 13 5 32 74 
10 25 73 15 7 32 74 
3 12 68 29 1 31 91 25 9 21 35 30 6 14 85 
3 17 35 12 8 15 85 
3 27 84 30 6 25 93 33 8 20 63 
3 20 87 17 1 26 63 
7 21 49 12 6 26 80 22 8 18 79 30 1 27 55 19 5 28 71 
7 15 69 27 2 24 71 
11 15 83 29 8 13 98 19 5 22 76 21 0 12 37 23 1 28 78 
11 33 84 22 10 15 78 
4 19 90 31 9 16 99 29 8 15 82 12 3 26 69 21 10 22 79 32 7 30 87 
4 20 75 33 9 22 87 
6 24 55 19 0 18 56 17 11 16 87 30 7 15 49 31 9 29 91 
6 33 51 27 10 28 91 
11 32 53 21 8 28 86 
11 14 71 20 9 13 86 
2 16 84 15 8 31 75 18 1 33 62 13 11 19 49 22 0 30 89 32 6 27 79 
2 18 70 33 0 13 79 
10 32 90 17 4 16 49 31 7 29 47 
10 21 58 17 2 25 47 
2 30 66 21 3 25 92 13 6 33 88 27 5 23 87 
2 24 38 18 5 16 87 
8 13 86 22 4 23 43 17 10 25 67 14 6 12 35 
8 29 91 15 10 31 35 
8 18 58 26 0 30 67 23 6 31 61 21 4 28 34 
8 23 52 12 0 30 34 
10 26 43 27 5 25 49 20 11 14 99 16 3 21 68 
10 17 53 14 11 22 68 
0 26 66 27 5 16 83 23 1 32 45 
0 22 96 15 3 33 45 
3 23 60 22 6 30 75 28 5 20 74 13 1 21 62 19 4 24 47 
3 20 67 21 1 14 47 
3 26 73 16 6 15 51 19 4 28 40 25 11 32 81 
3 28 50 18 10 19 81 
3 32 50 19 5 22 58 28 10 30 99 24 7 26 80 
3 25 86 12 11 23 80 
1 30 69 29 7 28 87 18 10 16 75 24 11 22 58 
1 31 81 33 3 30 58 
